"","Lower95","Median","Upper95","Mean","SD","Mode","MCerr","MC%ofSD","SSeff","AC.20","psrf"
"b0",-1.64199003818283,-1.42907255461682,-1.17436901478588,-1.41682512225215,0.121896726698662,NA,0.0149587399073738,12.3,66,0.871146084340158,1.05822284026571
"b",0.135200994072228,0.282729800236606,0.428064276391078,0.282528436124592,0.0768921226615392,NA,0.00461571757636137,6,278,0.574016412045376,1.00575953361145
"a",1.6291492071042,1.72068486152557,1.80020484475968,1.71681169227303,0.0430488139108537,NA,0.00518162546059636,12,69,0.876390980211935,1.06226833913662
"ph",0.399225147204475,0.472956240531146,0.55504457188396,0.475161737204566,0.0402099248791896,NA,0.000596959477918001,1.5,4537,-0.00212090787817506,0.999961091076808
"v[1]",0.984471986209682,1.34797563687075,1.76239452005327,1.35864295399158,0.199545677488548,NA,0.00376925419944669,1.9,2803,0.0579908755702255,1.00005665746077
"v[2]",0.687145949830367,1.08969476528153,1.55973180091187,1.10687734704557,0.224945592587143,NA,0.00290129906105165,1.3,6011,0.015121331702574,1.00030371803734
"v[3]",0.506733246172923,1.32571559317749,2.32642718652277,1.37627129328695,0.484317964220812,NA,0.00562564288284899,1.2,7412,-0.000543741848016453,0.999986636699742
"v[4]",0.388853585880391,0.637717915641354,0.933174192643335,0.648288633975754,0.141033882779606,NA,0.00180899288017229,1.3,6078,0.0108659997955399,0.999998812039964
"v[5]",0.301015496288943,0.542051277588119,0.822614492116031,0.55326035668059,0.134620376554388,NA,0.00173172904899963,1.3,6043,0.00716197780528483,1.00068273197455
"v[6]",0.224667128120423,0.448873804676041,0.718406199696814,0.462125475952346,0.129816395807369,NA,0.00152524712657253,1.2,7244,-0.00447658141383884,1.00008779811524
"v[7]",0.97738654609072,1.4943927721637,2.06830822489197,1.51334375463071,0.284149905645565,NA,0.00356975818493016,1.3,6336,-0.00780776636865503,0.999919055812574
"v[8]",0.621326411253423,0.937212687403889,1.33252712231471,0.948629603186105,0.183569673930996,NA,0.0028939017378253,1.6,4024,0.0394696816534964,1.00007587201012
"v[9]",0.198431063304624,0.387298727487524,0.62414094341946,0.39798638831594,0.112076903216483,NA,0.0012804688969583,1.1,7661,0.00741753151576944,0.999911044155174
"v[10]",0.523932127316796,0.813992108304362,1.14243869392224,0.823675026869798,0.159340609821118,NA,0.00221999304166957,1.4,5152,0.0395863724802959,1.00013632220808
"v[11]",1.36574534004188,1.82434025764278,2.33762243434621,1.84204839217805,0.250525810345145,NA,0.0043597011164477,1.7,3302,0.0430497469795661,1.00006482395871
"v[12]",0.142094123957989,0.329719521634663,0.557763076376729,0.341205218406995,0.109591476813662,NA,0.00126714283014822,1.2,7480,0.020363931169097,1.00001634511584
"v[13]",0.289594473732852,0.518657080225482,0.779809896054774,0.527871571409001,0.126724506402168,NA,0.00170994659552999,1.3,5492,0.0248467681403134,0.999934937444766
"v[14]",0.346885276023568,0.704902746086176,1.14948378202139,0.723830586886809,0.211599186141806,NA,0.00263007248973019,1.2,6473,0.01703160184448,1.00031492007595
"v[15]",0.0828453733014335,0.419110648676971,0.895839753674397,0.454491552758015,0.228938933568156,NA,0.00274782082829115,1.2,6942,0.00831623258083256,0.999953976473036
"v[16]",0.37810703885889,0.633179925823177,0.927918567210007,0.642415782186345,0.142533289300543,NA,0.00186372923200165,1.3,5849,0.00514567690906138,1.00059264592513
"v[17]",1.30332073428492,1.77387259251122,2.2565973781021,1.78881390715387,0.244502749139081,NA,0.00457859339293964,1.9,2852,0.0590033866224719,1.00012843470271
"v[18]",0.742542702366808,1.09051848598569,1.48081377682745,1.10363700929599,0.19120735103844,NA,0.00292588357458085,1.5,4271,0.0198346772325057,1.00024797006792
"v[19]",0.752773849487418,1.09161619319671,1.51433304882352,1.10599367258634,0.196551994519091,NA,0.00274967704860839,1.4,5110,0.0382482393818916,0.999934438690678
"v[20]",0.621394176259446,0.926180839789961,1.25771545478678,0.937013962627928,0.163504815237667,NA,0.0023183226784766,1.4,4974,0.0123944819022392,0.999943665165235
"v[21]",0.00842322244218202,0.0852029220735336,0.204777829367952,0.0959883436014626,0.0549862287939857,NA,0.000699144661106062,1.3,6185,0.00836554722747626,1.00026260511446
"v[22]",0.90879562730639,1.27611999350312,1.66956200546298,1.28896221547998,0.196146198930964,NA,0.00321412310182753,1.6,3724,0.0341484227622448,1.00093858117129
"v[23]",0.279021550788866,0.610965910390083,1.04986340366189,0.631994742341547,0.20374813511272,NA,0.00234705140341914,1.2,7536,0.00137729915906355,1.00024104717255
"v[24]",0.413958051871268,0.665864220308264,0.965111809462406,0.675654344318365,0.142502165283547,NA,0.00192100035068034,1.3,5503,0.0309190445560685,1.00000794556675
"v[25]",0.571249494689653,0.868781330112003,1.21483012100111,0.879746274621805,0.165816983802511,NA,0.00231025548573258,1.4,5152,0.0178701315789758,1.00019606206783
"v[26]",0.0695129046390857,0.48540542665065,1.16690378608523,0.546394007814803,0.309578722695229,NA,0.00372696842728894,1.2,6900,-0.00698185329598743,1.00089658693474
"v[27]",1.03066719972275,1.47749577457956,1.95421636797127,1.49160735585685,0.235472605383327,NA,0.00360343969669989,1.5,4270,0.0611688458714242,0.999960099878928
"v[28]",0.0419780971376016,0.153363582095162,0.292549126169186,0.16296252780944,0.066641955912776,NA,0.000793545973614953,1.2,7053,-0.00398838022799388,1.00197404798513
"v[29]",0.108815323751106,0.377965974131828,0.752725240835191,0.402688414849188,0.175762628994561,NA,0.00199959240011917,1.1,7726,0.00253089915127402,0.999941907909685
"v[30]",0.751775447906778,1.13979930071727,1.60615754132378,1.15646735922321,0.221530021796781,NA,0.0029440841996187,1.3,5662,0.0175280023468168,1.00002365322955
"v[31]",0.530561718186488,0.871660551538232,1.23386255741551,0.882975316292985,0.183619426273348,NA,0.00257104469493655,1.4,5101,0.032331497091816,1.00000738092859
"v[32]",1.04930729720285,1.48597572871401,1.93217168480231,1.49716162328108,0.226306495859049,NA,0.00382334529934138,1.7,3504,0.041728810096755,1.00085791689764
"v[33]",0.524521179239149,0.836305646997734,1.19745071681355,0.850469608577206,0.174938246861588,NA,0.00249215904894912,1.4,4927,0.0248016566170232,1.00010616466183
"v[34]",0.72614519776892,1.07141793598235,1.44807071888132,1.08309728742731,0.187712446989006,NA,0.00270001501204495,1.4,4833,0.0294317160675058,1.00011588074093
"v[35]",0.457392446685408,0.739482237744267,1.07192012918739,0.750515531748207,0.1586573864945,NA,0.00203607525220207,1.3,6072,-0.000423859155987341,1.00004679798066
"v[36]",2.92403014365572,3.59554086287879,4.3962922868266,3.61420337961342,0.379817438828471,NA,0.00833012531592371,2.2,2079,0.0853513136031405,1.0000534495363
"v[37]",1.05623673186766,1.45539178700222,1.8891505582903,1.46544431447559,0.216029848393745,NA,0.00366670220703193,1.7,3471,0.0541395292286041,1.00012160366258
"v[38]",0.0890952687864112,0.225797636998092,0.405982803623536,0.236015792812282,0.0852047351875528,NA,0.0010881065885325,1.3,6132,0.0114868685728383,1.00042925426104
"v[39]",1.25245377698184,1.68678073566825,2.17961648302671,1.70027935136902,0.237195873964947,NA,0.00424035364660241,1.8,3129,0.0580909029795781,1.00018018041943
"v[40]",0.541648931569977,1.18759093155749,1.9376397080481,1.22177333771207,0.364926255946142,NA,0.00406895380588854,1.1,8043,-0.00747150714186036,1.00008506119519
"v[41]",0.587066404245722,0.874566695584683,1.20107229147877,0.884601155658812,0.159075361799411,NA,0.00231504280735067,1.5,4722,0.0345115202614052,0.999906387108738
"v[42]",0.653198031030382,1.0042607681484,1.40566662243554,1.01538382122355,0.194277363260613,NA,0.00274083102269824,1.4,5024,0.00745334800996262,1.00060387843288
"v[43]",0.469187973671784,0.924500758412429,1.42234912244487,0.947809354581231,0.249619340052272,NA,0.00290845680196708,1.2,7366,0.00702468511959164,1.00010475274773
"v[44]",1.12825559619149,1.78983474730526,2.6336544680989,1.81167268408096,0.382892144583671,NA,0.00492980051551333,1.3,6032,0.0248901512555749,1.00019869266513
"v[45]",0.711854721760293,1.13607793854339,1.58433456166385,1.15034852346585,0.225914232807191,NA,0.00316195326650971,1.4,5105,0.0222479363406695,0.999908423277915
"v[46]",0.17244187769198,0.372192952677055,0.638123355485718,0.384842548137829,0.123070782538007,NA,0.00152245059521945,1.2,6535,0.0213559502342271,1.0004329608941
"v[47]",0.557052381382377,0.837669324764984,1.15167891159326,0.845638007357624,0.153105565733799,NA,0.00215481443953616,1.4,5048,0.0192931955364674,1.00002914728888
"v[48]",2.50584953651481,3.08830642182057,3.77054778586025,3.10176710197813,0.324917986711898,NA,0.00718135861880467,2.2,2047,0.0845146581779793,1.00084096948831
"v[49]",0.733769323006775,1.45638681445841,2.28302021003992,1.48938056945845,0.401809230253631,NA,0.00474258240624346,1.2,7178,-0.00408837257599381,0.999942352011096
"v[50]",0.544413281992555,1.02771660190607,1.63315532255961,1.05570900900486,0.284618788815443,NA,0.00372676144996286,1.3,5833,0.0299418633239135,0.999925586824609
"v[51]",0.617688532619774,0.918178199745558,1.26946838178156,0.929888213084379,0.167805472541354,NA,0.00268176078897429,1.6,3915,0.0382812070154139,1.00011489513077
"v[52]",0.0792769187735578,0.199217606612338,0.353313527643274,0.207913029955923,0.0723443454043135,NA,0.00086878420009878,1.2,6934,0.0104225930015803,1.00045003394699
"v[53]",0.43793014281973,0.879870925885631,1.4227772209694,0.905053308532352,0.260045506513169,NA,0.00297857265134841,1.1,7622,0.0122685481841404,1.00002749832115
"v[54]",1.72570110006915,2.216428128869,2.75438533945503,2.2304547674794,0.264530184579791,NA,0.00499415946224371,1.9,2806,0.0568481600463998,1.00016833801943
"v[55]",1.43742291851172,1.86177135984779,2.36283420758623,1.87308208229758,0.239033645172303,NA,0.00558197831461683,2.3,1834,0.0701906738541089,1.00075001219231
"v[56]",0.623475373611524,0.944323862585139,1.2862878034852,0.955323486168295,0.171285725698737,NA,0.00253359478862335,1.5,4571,0.0273167738448714,1.00056244976007
"v[57]",0.543074320763706,0.841473001797122,1.16926428956966,0.851856805411679,0.162853314912515,NA,0.00232650473340021,1.4,4900,0.021931650378779,0.999942184665034
"v[58]",0.680188647712916,0.990686601709297,1.33712370849099,0.99982840093167,0.16985165558931,NA,0.00254401495643996,1.5,4458,0.0360658501015428,1.00014008536618
"v[59]",0.155125407364862,0.331123358462569,0.532910278721935,0.34054301125224,0.0991621173396593,NA,0.00124493105384566,1.3,6345,-0.0207223541689024,0.999937676765295
"v[60]",0.257846766891307,0.460385491411833,0.715934061024235,0.471177626822245,0.120193352752454,NA,0.00153314445104163,1.3,6146,-0.00476021313525206,0.99990395756701
"v[61]",2.11536420578907,2.67503618311404,3.30452920384392,2.68682637136463,0.305064435219461,NA,0.00660206346780563,2.2,2135,0.0564134580600718,0.999976002302113
"v[62]",0.182701335717825,0.640806376214837,1.1926440943091,0.674771799446879,0.272683278046367,NA,0.00303776844106435,1.1,8058,-0.00148395683697018,0.999946007436579
"v[63]",0.572077455386288,0.867491486356831,1.21661698809191,0.87912753330835,0.166586891274603,NA,0.0023676858428659,1.4,4950,0.0230835080306882,1.00001462147089
"v[64]",0.389596662831317,0.634526475174901,0.925001473588288,0.644634907922581,0.137716075931271,NA,0.00169165510536391,1.2,6627,0.0106461840884377,0.999918238412133
"v[65]",2.08169251596093,2.66187032346966,3.36514040309087,2.6768429038566,0.330592931798739,NA,0.00651936828174727,2,2571,0.0535812092218331,1.00015894201124
"v[66]",0.139365206263747,0.310298431140863,0.527512699435882,0.321488020950841,0.101701758775737,NA,0.00114017150372258,1.1,7956,0.0146425062372337,1.001982054874
"v[67]",0.47328414236307,0.770917139434621,1.10930475450565,0.782031284772198,0.167836968543123,NA,0.00214466396697214,1.3,6124,0.0110493564131656,0.999938536989828
"v[68]",0.768907810813478,1.11109650496516,1.48818862355967,1.12202099245351,0.187145429226084,NA,0.00272069107786873,1.5,4732,0.0337191144757246,0.999909468642977
"v[69]",0.989073537465901,1.39455384873208,1.84475522901882,1.40738358588437,0.220067959656428,NA,0.00352178013826817,1.6,3905,0.0337052589509117,1.00057876303535
"v[70]",1.72670006670213,2.22751334491857,2.79427470419212,2.24193173537261,0.27410596206081,NA,0.00583414281156438,2.1,2207,0.0622860771670344,1.00029659707132
"v[71]",0.674860253400961,0.997746028280988,1.34053816068661,1.00735925858312,0.172330100120103,NA,0.00253744446787217,1.5,4612,0.0212211878790563,1.00039275483646
"v[72]",0.0584376088938967,0.483792102290202,1.14501066808362,0.543859159768836,0.309715128127156,NA,0.0038007776507138,1.2,6640,-0.0023479805502337,1.00058257561073
"v[73]",0.0803785555597741,0.227383840921235,0.415097365266153,0.238846223872599,0.0897293268508187,NA,0.00116787931411504,1.3,5903,0.00367152267720011,0.999947278794787
"v[74]",0.26069245605071,0.46122069754327,0.719625664362376,0.471259334295609,0.120001205038254,NA,0.00159928252872629,1.3,5630,0.00503633207527531,1.00035421971424
"v[75]",0.108886756203569,0.274481531473646,0.485267589159358,0.286647609651424,0.100698917822497,NA,0.00121201407485516,1.2,6903,0.0202945576347905,1.00011920449314
"v[76]",0.0869863434830953,0.236893769027382,0.425401912966753,0.248227914787047,0.0896293062082713,NA,0.00108617690664199,1.2,6809,0.00159809022027698,1.00014533381697
"v[77]",0.0936982324352633,0.250160903596116,0.438123088960318,0.260995951671751,0.0927543924037972,NA,0.00110192381948946,1.2,7085,0.0136740870885806,1.00002674758662
"v[78]",0.160991166258139,0.34470229918474,0.56921183317415,0.354528456684274,0.107276871667358,NA,0.00125411049482417,1.2,7317,0.012273176656061,0.999966692751467
"v[79]",0.558461331181792,0.942443064425887,1.40166965834315,0.959003056060247,0.222389606361492,NA,0.0025964443887951,1.2,7336,0.0124975682261412,1.0003074407591
"v[80]",0.203375653221217,0.409793054255197,0.648486703227618,0.418752816095733,0.116943803586627,NA,0.00134343163794905,1.1,7577,0.0289017110088765,1.00007808761943
"v[81]",0.231633195209655,0.439101132316445,0.670184402666311,0.449539945398156,0.115519809338129,NA,0.00137245902782807,1.2,7085,-0.0153652965093797,0.999975601718547
"v[82]",0.357273799452517,0.604130210160846,0.899871128322538,0.615751294025956,0.142487205715118,NA,0.00189129463902397,1.3,5676,0.0185510059531401,1.00000748377656
"v[83]",0.796670145568532,1.15428217305728,1.55299230880075,1.16568863231947,0.196211173749929,NA,0.00296320579273608,1.5,4385,0.0330011501323718,1.00007509527517
"v[84]",0.411636834891488,0.692318219904254,0.995408751139709,0.704707342144115,0.150370737980257,NA,0.00199728081642713,1.3,5668,0.0111431271371931,1.00001309089361
"v[85]",0.0105798119560304,0.0778223724053015,0.182825934684303,0.0865149020391766,0.0489471180938664,NA,0.000627978576472424,1.3,6075,-0.0207915151150425,1.00016565753139
"v[86]",0.802443362198608,1.52394239140133,2.39433567508131,1.55789463983111,0.419745736692419,NA,0.00466835646072186,1.1,8084,0.00459119669534804,1.00024896202802
"v[87]",0.273420619800018,0.506155706049973,0.784621649937281,0.517019399784541,0.131723581790459,NA,0.00166480011931803,1.3,6260,0.00951796614060453,1.00062282729302
"v[88]",1.7148137343009,2.73023664890006,3.84007513103047,2.7639936891801,0.556488541368888,NA,0.00729693687876031,1.3,5816,0.00632781885032213,1.00010797733774
"v[89]",1.2172811347004,1.62095137850071,2.09832046258599,1.63486696596672,0.229024534608998,NA,0.00378124536689043,1.7,3669,0.0247072941563132,1.00011855561527
"v[90]",0.207375788596208,0.582288988819335,1.07649563059396,0.611130213212987,0.233836802877309,NA,0.00293620951321277,1.3,6342,-0.0120941194288508,1.00025418543631
"v[91]",0.799297395372187,1.17371205331908,1.57489965927742,1.18597291856936,0.201688625662174,NA,0.00281864960621452,1.4,5120,0.0243358219516845,0.99995678914291
"v[92]",0.990984653762011,1.39762283218721,1.83531000278729,1.40804094508494,0.217175535293892,NA,0.00338025276163296,1.6,4128,0.0280099843877117,1.00037905306723
"v[93]",0.420425797501321,0.697071029595978,1.02627358807156,0.711059817604769,0.156619982009299,NA,0.00193476083048876,1.2,6553,0.0172101618634063,1.00008531502912
"v[94]",0.139171705826896,0.317002965984927,0.523221419330609,0.328455256702864,0.10115875334825,NA,0.00122647128932069,1.2,6803,0.0237151564395331,0.999995479917677
"v[95]",0.513954311841939,1.04389796445199,1.6655688371801,1.07104392541577,0.299063137228869,NA,0.00350807180329164,1.2,7268,0.012760566230296,1.00009277587744
"v[96]",0.519045804999415,0.812457834765672,1.13920754820534,0.823050484443352,0.160900135688158,NA,0.00243748850405494,1.5,4357,0.0212957210161803,0.999981450128332
"v[97]",0.501654926906075,0.782973789978444,1.09883523024664,0.793383865199711,0.155916719054646,NA,0.00228963261515012,1.5,4637,0.0226957403661631,1.00058542955686
"v[98]",0.00310767859783927,0.117924220917799,0.322562329038588,0.139462171495183,0.095875675551031,NA,0.00134590318013069,1.4,5074,0.00213610524186296,0.999990729792117
"v[99]",0.587616901012638,0.899088346147442,1.24530072593528,0.910706588496074,0.169620465417178,NA,0.00265300710253538,1.6,4088,0.0300821699051289,0.999960570258243
"v[100]",0.711632776780354,1.06134165566415,1.46217049526647,1.07414091872517,0.193223104405046,NA,0.00289821718050404,1.5,4445,0.0182631606991784,1.000198701812
"v[101]",0.432463166975732,0.702012073303171,1.03660907082273,0.714205805010601,0.15770676583941,NA,0.00201498566118334,1.3,6126,0.0100869915418943,1.00019717032539
"v[102]",0.836007098749135,1.20688722193919,1.64115427078607,1.21944979102831,0.20814787695661,NA,0.00329399202226711,1.6,3993,0.0364194670305866,0.999938485194263
"v[103]",0.502769610059195,0.787413422334822,1.13817637713113,0.801123879818116,0.165309513508816,NA,0.00216469274354508,1.3,5832,0.0261012125605572,0.999927753682552
"v[104]",0.33801702776825,0.554324528877385,0.83068499673412,0.565273496533429,0.128883639512956,NA,0.0017999870930557,1.4,5127,0.008217484559222,1.00083825749916
"v[105]",0.467007343470944,0.730471799683908,1.04819471494805,0.741378544823725,0.150711143964292,NA,0.00192172692200208,1.3,6150,0.00459292932147885,1.00021992831561
"v[106]",0.141735328102207,0.313386055896477,0.528248101967697,0.323285981086985,0.102935453327027,NA,0.00124441875176974,1.2,6842,-0.00797655793928619,1.00043168162703
"v[107]",0.159962638288904,0.329140760735008,0.541774394717035,0.339909273974967,0.0999995289235266,NA,0.00118624235243253,1.2,7106,0.0127132022167594,0.999911518207592
"v[108]",0.0400541489848086,0.153763601804694,0.302249600463861,0.163917324203145,0.0729033289344037,NA,0.000874372009239388,1.2,6952,-0.0229158765167487,1.00011754539621
"v[109]",0.824473971613773,1.16639326402282,1.5655933107676,1.17503760400828,0.191706216871511,NA,0.00288272314765813,1.5,4422,0.0254623430056862,1.00027836803372
"v[110]",0.977750763218953,1.36011793655373,1.79247549612258,1.37300854707438,0.209788715848486,NA,0.00341762206041456,1.6,3768,0.023049026142828,0.999917693298033
"v[111]",1.818795335994,2.45716100958789,3.1823255994327,2.48004963432883,0.354196240892489,NA,0.00565900873304406,1.6,3917,0.0274530432154631,1.00013194922021
"v[112]",0.325491437246009,0.551999489208343,0.821874101070396,0.563034490558695,0.129751695291946,NA,0.00168899955904552,1.3,5902,0.0107558082186583,1.00022610799866
"v[113]",0.23680021050911,0.466461141015343,0.731529585199986,0.478599430739787,0.13126990896377,NA,0.00164296306148597,1.3,6384,0.00960050063339058,1.0001418221479
"v[114]",0.651896931047024,0.970623424996021,1.30888584590193,0.980405396319775,0.170022937258521,NA,0.0022801460129829,1.3,5560,0.0239281316267402,1.00114200438746
"v[115]",0.745896866579364,1.29136172186446,1.88775084437191,1.31608223174202,0.298698578129082,NA,0.00345275184606782,1.2,7484,0.00588844753111788,0.999967054833471
"v[116]",0.895964394315911,1.30248287686679,1.71956217739771,1.31235162512523,0.212071949230639,NA,0.00316374222394419,1.5,4493,0.0240176958544132,1.00075212966572
"v[117]",0.853279911604462,1.52797622983617,2.26620579700833,1.55235002175073,0.368395587981864,NA,0.00445014431017001,1.2,6853,0.010183169864659,1.0000398057103
"v[118]",0.502365461854884,0.78766766782692,1.13563985032495,0.799712115364382,0.16413044264526,NA,0.00212936487521931,1.3,5941,0.00190974461417196,1.00028540716654
"v[119]",0.349645747179279,0.794512981736298,1.34024325149335,0.82413064144649,0.259395700708906,NA,0.00314378001160966,1.2,6808,-0.00266835057747844,1.00190570376173
"v[120]",1.12787101632346,1.58317148612627,2.10557948356216,1.59573515814569,0.251946787652441,NA,0.00404216413314367,1.6,3885,0.0262241295599974,1.00014482342412
"v[121]",1.56326763341177,2.07418239159121,2.60250087173597,2.08505062656658,0.269169495834808,NA,0.00517194189174832,1.9,2709,0.0296918996972603,1.00014229284454
"v[122]",0.0481254218930359,0.147335241702154,0.282254281845235,0.155763811259129,0.0634271737556014,NA,0.000777992451729326,1.2,6647,0.0136964055594981,1.00058381206943
"v[123]",0.866302764905731,1.23052523163787,1.62179826499632,1.23876467158729,0.194746596016093,NA,0.00308740112716875,1.6,3979,0.029797315794153,0.99995411380249
"v[124]",1.09403796005232,1.48150079011028,1.95237220413148,1.49187044254354,0.220742688228514,NA,0.0039572877553365,1.8,3112,0.0310736197664606,1.00013720600979
"v[125]",1.79363618375272,2.31265736357178,2.87516760025999,2.32567529070622,0.278442868601468,NA,0.00559686790821203,2,2475,0.0622332061771098,1.00035879041849
"v[126]",0.839090166020644,1.46720506041368,2.1710631240013,1.49296737016703,0.345623149687398,NA,0.00426314762110855,1.2,6573,0.0285607177854092,1.00044932679059
"v[127]",0.373520417072484,0.604936395215035,0.895421594935891,0.614679345739109,0.13565195649393,NA,0.00189806203478724,1.4,5108,0.0302759656492937,1.00034640766152
"v[128]",1.84148007087703,2.51868642845624,3.23761482856547,2.53440216723237,0.361344256140382,NA,0.0056565526551912,1.6,4081,0.0281768834944671,0.999991530357853
"v[129]",0.463889711353662,0.920490244648533,1.50737955485177,0.945753159850046,0.274505458413109,NA,0.00326285563130367,1.2,7078,-0.0133405051432183,1.00072681623678
"v[130]",0.00990607690925487,0.0811148597648585,0.191264561360706,0.0901385745646292,0.0512001731783027,NA,0.000630256302238355,1.2,6599,-0.00307398079139688,1.00008635299317
"v[131]",0.539985455864037,0.814362431929938,1.13456708409625,0.825196117898063,0.153268890991218,NA,0.00228412725688378,1.5,4503,0.0249128683698792,1.00016183220455
"v[132]",0.686932527480744,1.04126016208674,1.44846132566746,1.05369886372465,0.196585374523615,NA,0.00279518159048521,1.4,4946,0.00262802096540779,1.00074139554745
"v[133]",1.00313288325912,1.39024400745223,1.84114050955206,1.40626976637239,0.21620448341751,NA,0.00328686195354713,1.5,4327,0.0433688557919092,1.00042736091758
"v[134]",0.333553280802007,0.700491383671915,1.12603417286296,0.722488142700504,0.208102390224854,NA,0.00236419411319505,1.1,7748,-0.00268883950786855,1.00069464818276
"v[135]",0.0330331714763119,0.139846039455092,0.279950948086592,0.149367017111473,0.0671009615772783,NA,0.000802239676251043,1.2,6996,0.00111890534323339,1.00000030262441
"v[136]",0.359385124935483,0.60779861569128,0.889423037070057,0.618718718649804,0.138032157538695,NA,0.00181870741679321,1.3,5760,0.0288254310933637,1.00006104874983
"v[137]",0.303514413127236,0.526491320769534,0.784263434216354,0.537629115055073,0.125463352868641,NA,0.00153356340894961,1.2,6693,0.0183508417158586,1.00006716741267
"v[138]",0.841698568379193,1.46392299002438,2.17073101151067,1.4912958937794,0.347990282765869,NA,0.00428591243834547,1.2,6592,0.00459642583863965,1.00013770703559
"v[139]",0.281303165688579,0.51030132931093,0.780506792444263,0.520949574516341,0.129194436984792,NA,0.00157098098871932,1.2,6763,0.0230682798174657,1.00000301875316
"v[140]",0.861921527187806,1.28506102994934,1.76825373531052,1.30116947681857,0.232257306378801,NA,0.00331316326924495,1.4,4914,0.00073540200147956,1.00001990562231
"v[141]",0.176833579668991,0.356782901349826,0.581178557955607,0.367557496821611,0.106920116592915,NA,0.00126382414344399,1.2,7157,0.00921656732110263,1.00000276284854
"v[142]",1.27737432037862,1.78378953205738,2.35791570226819,1.7999996690133,0.275703120618191,NA,0.004396268075523,1.6,3933,0.0268791324063883,1.00052191879535
"v[143]",1.99310433868592,2.58518039503457,3.2399209660718,2.59985544217507,0.322527124978056,NA,0.00586590068564243,1.8,3023,0.0478008993554119,1.00035160729518
"v[144]",0.165180118974594,0.32655048879739,0.552644441399474,0.338538405570177,0.104463171123295,NA,0.00119991498760866,1.1,7579,-0.0058682711907357,1.00000439228522
"v[145]",1.66336137894479,2.62879111387057,3.81684682794022,2.67498960136941,0.559638665644164,NA,0.00715850599172916,1.3,6112,0.0112299936534068,1.00027277659345
"v[146]",0.248718173585627,0.46120659565697,0.706740792380435,0.47139433926438,0.120070180289765,NA,0.00140515306324893,1.2,7302,0.0138638354008338,1.00056929529805
"v[147]",1.37146030439929,1.8378279253884,2.3473477868403,1.8507326105948,0.252506951333877,NA,0.00485019105970811,1.9,2710,0.0722454892188238,0.999947680123002
"v[148]",0.598461769651008,0.873386854383943,1.20958044237686,0.882441893413937,0.158232046292642,NA,0.00222805284610806,1.4,5044,0.0178007181274438,1.00043757717445
"v[149]",0.717572783417911,1.07232758624918,1.47842372023624,1.08564687411709,0.196832603135894,NA,0.00273342361997759,1.4,5185,0.0353903928789243,1.00016079298127
"v[150]",0.377650493478828,0.626448708369764,0.959009884766001,0.642815205510898,0.151008011423975,NA,0.00185720073521427,1.2,6611,0.0185804340012107,0.999966460791028
"v[151]",0.148311579835762,0.50305686743405,1.033324488739,0.541995593475441,0.243169651446572,NA,0.0028877554447935,1.2,7091,-0.0174887210938985,0.999928373137226
"v[152]",0.0555385448153463,0.23906248624594,0.526335112263683,0.260141112381263,0.129826913036843,NA,0.00156453240131446,1.2,6886,0.0130732530635006,1.00069736022324
"v[153]",0.989107425037875,1.60691824586465,2.36390687385759,1.63516231029773,0.360359604987904,NA,0.00569477242042385,1.6,4004,0.03452270095572,1.00272226669777
"v[154]",0.423023480115804,0.78126955458414,1.17371965249034,0.794520313359141,0.198445690155635,NA,0.00232325337788562,1.2,7296,0.0314790934974373,1.00038103373285
"v[155]",0.0630660645962207,0.280698642091529,0.612095303524236,0.305726617938281,0.152427652384517,NA,0.00195893640509617,1.3,6055,-0.010853993180738,1.00047749161085
"v[156]",0.693553926954788,1.26518051665423,1.93143025730384,1.29441879158689,0.323351448071805,NA,0.00431915825312939,1.3,5605,0.0186156073000562,1.00195004799427
"v[157]",0.318085081884589,0.719529254273014,1.23391795873046,0.743771776630351,0.242095030756848,NA,0.00302844877478632,1.3,6390,0.0217632827525424,1.00095957022846
"v[158]",0.539766187524891,1.04429637272586,1.64605862435564,1.069731447232,0.288463468889906,NA,0.00386725180195391,1.3,5564,0.0210711030313418,1.00247505137324
"v[159]",0.305083811200718,0.657289382718714,1.12451512107913,0.681060095087308,0.215924360557849,NA,0.00247499122193175,1.1,7611,0.00898708292992032,1.0019652466926
"v[160]",0.680185373943308,1.23887534281422,1.89588608101574,1.26547295044068,0.316266163422277,NA,0.00510461894024445,1.6,3839,0.0219250399237135,1.00067926007558
"v[161]",0.673311597903607,1.18908008130527,1.78937978922732,1.21741567321259,0.292171643912678,NA,0.0047504037130946,1.6,3783,0.0338111473687107,1.00093357821856
"v[162]",0.563222129614304,1.08692375766891,1.67303342275583,1.11539312918869,0.291295702155508,NA,0.00483903548312889,1.7,3624,0.0423415513727802,1.00289581058288
"v[163]",0.208742976656238,0.494132888637166,0.890519400886959,0.515016010099208,0.182658709517813,NA,0.0022439681440292,1.2,6626,0.0281797056255711,1.00029732711988
"v[164]",0.876852512412555,1.46539499810806,2.21066699817837,1.49294164538984,0.343881799704298,NA,0.00529106669006693,1.5,4224,0.0206533941682319,1.00145230896319
"v[165]",0.00391459838631213,0.132811201812747,0.369642214328659,0.156471449574667,0.10865827592602,NA,0.00146734136237003,1.4,5484,-0.00277716087803001,1.00007693264708
"v[166]",1.1736036080706,1.82407347297111,2.55993111132522,1.84892198495773,0.358418134524094,NA,0.00654238458023187,1.8,3001,0.044469654287656,1.00150944623051
"v[167]",0.605488457447044,1.05066570573822,1.56748453119544,1.07184068212172,0.249678049595791,NA,0.00363529773330534,1.5,4717,0.0211778206309333,1.00171737327987
"v[168]",1.16670376121491,1.82842656223071,2.56677914211447,1.85290462618886,0.365307606549728,NA,0.00672138222407194,1.8,2954,0.0533319056711434,1.00461089327937
"v[169]",0.260118622904819,0.649004503948514,1.1129730416827,0.673974397368271,0.226525084098918,NA,0.00284575886852144,1.3,6336,0.015038962985657,1.00007921933694
"v[170]",0.39826922263592,0.676367869007758,1.03892555812021,0.691814454694776,0.167195171541855,NA,0.00214985477141618,1.3,6048,0.0143604661620228,1.00110937343766
"v[171]",0.107475034545831,0.358855209046924,0.740488088124879,0.386406073064243,0.173868029066289,NA,0.00207102330894485,1.2,7048,0.02843131013234,1.00176130751022
"v[172]",0.329978129902169,0.722849801852772,1.20629447599287,0.745363023668998,0.230440933132771,NA,0.00313505562556855,1.4,5403,0.0289326788396596,1.00131302716776
"v[173]",0.212586613774521,0.577411363720543,1.01584377009769,0.601760596929694,0.215457458377982,NA,0.00288495533785539,1.3,5578,0.0246832158371574,1.00125524477182
"v[174]",0.85869949373544,1.45657715228823,2.16096440884253,1.48391801306742,0.338821712787599,NA,0.00565315853921836,1.7,3592,0.0371137545401347,1.001327623297
"v[175]",0.46582924991339,0.874972475602499,1.39097715112178,0.895754262101177,0.242592974107355,NA,0.00317602712700094,1.3,5834,0.0167026384471229,1.00241605351336
"v[176]",0.637998297783962,1.19521134436275,1.84357994090255,1.22114577450504,0.311126473928041,NA,0.00479314284160807,1.5,4213,0.0337008210294155,1.00059735954364
"v[177]",0.137879574020801,0.435472573475954,0.844933092180058,0.462268263379051,0.19061246431592,NA,0.0021919501739973,1.1,7562,0.00508347102398234,1.00157414216284
"v[178]",1.07617755217807,1.72645032679924,2.50523742719182,1.75041653754368,0.370849134399924,NA,0.00620813989746469,1.7,3568,0.0494938608855891,1.00387912820587
"v[179]",0.27932790892394,0.664800856416437,1.14428991682865,0.689693018520393,0.231184303480409,NA,0.00279108468894107,1.2,6861,0.0163707714368787,1.00140433377139
"v[180]",0.774476196972935,1.31642564239327,1.95242537931919,1.33863965779477,0.307647526395656,NA,0.00411451957965304,1.3,5591,0.0228784033383158,1.00178280247034
"v[181]",0.833313246109,1.41438527384989,2.15194685558997,1.44264723025785,0.34072753135795,NA,0.00521345749091917,1.5,4271,0.0619963694858086,1.00100684823817
"v[182]",0.0387382335292566,0.162657661584677,0.356885993295178,0.177374868976813,0.0889419660670685,NA,0.00108219303825847,1.2,6755,0.00310664858245215,1.00139748905709
"v[183]",0.464269414276447,0.972721100495628,1.54599524368346,0.998054199386351,0.281358803233574,NA,0.00399791848795322,1.4,4953,0.0330470487111685,1.00106307675268
"v[184]",0.829250339071516,1.46925522213409,2.24854617447043,1.50016880381631,0.367309993868399,NA,0.00506306024656308,1.4,5263,0.0127972817041109,1.00157311513873
"v[185]",0.327541673973641,0.701147913155744,1.13101980897675,0.724007757686712,0.21145196341103,NA,0.0030271878962871,1.4,4879,0.0199987082922172,1.00106025318887
"v[186]",1.02272827392591,1.68561514551733,2.44975784273153,1.7130812966766,0.367873226821189,NA,0.00674117747413182,1.8,2978,0.037613367123061,1.00291956358772
"v[187]",0.0716390116234652,0.615398891913363,1.45530608352366,0.687165498810201,0.390469368895254,NA,0.00488622751939106,1.3,6386,0.00816484963107273,1.00105347732434
"v[188]",0.145212509378738,0.552994843553041,1.10755133060188,0.590280695157857,0.262924336765909,NA,0.0031515931994708,1.2,6960,-0.00244019910631959,1.00001733144367
"v[189]",0.648303229359837,1.19066343592128,1.84196008736126,1.22365859766326,0.312405761338772,NA,0.00563003301855717,1.8,3079,0.0359552997046055,1.00272932657825
"v[190]",0.952514711384727,1.50377317787239,2.10811202240425,1.52715582989326,0.299307261246744,NA,0.00460266561418853,1.5,4229,0.0416300722181343,1.00166880846699
"v[191]",0.0556816007399027,0.306970436476752,0.657112586427881,0.333652614009803,0.166226321792524,NA,0.00198881764508315,1.2,6986,0.00174285379263025,1.00021548831921
"v[192]",0.418732404921669,0.819217143074083,1.26579974939034,0.841041129170758,0.222257990109714,NA,0.002711211176731,1.2,6720,0.0173771084745738,1.00016787035549
"v[193]",0.68602301155311,1.24370386156177,1.88708666304556,1.26762908573612,0.31445037353226,NA,0.00489910873033834,1.6,4120,0.0334098103423171,1.00147036437138
"v[194]",0.0144953786529146,0.457929218371058,1.28655333442631,0.539777868279036,0.371897738411244,NA,0.00515248368182071,1.4,5210,-0.00439846371336319,1.00054648789365
"v[195]",0.0945492344429422,0.457427140983426,0.9716443960538,0.495623277663203,0.242953530430441,NA,0.00289618562358654,1.2,7037,-0.0276727417336536,1.00013038507848
"v[196]",1.67048700532281,2.37332112418014,3.21323702484115,2.3964549318958,0.398195787745708,NA,0.00778564516871748,2,2616,0.0415966675082866,1.00389508862611
"v[197]",0.294233756292159,0.736576208191406,1.21993695572323,0.761213646010686,0.242403050492524,NA,0.00338339709316087,1.4,5133,0.0240546251735462,1.00178201823294
"v[198]",0.0168680809182852,0.144214135980876,0.340022409569785,0.160593323332867,0.0922408759025523,NA,0.00118090723079765,1.3,6101,-0.0182216630139565,0.999993105152803
"v[199]",0.11792088818692,0.368965510799737,0.709586158793216,0.390866261155133,0.158078857479809,NA,0.00185739621023763,1.2,7243,-0.00142217873898581,1.00029447361561
"v[200]",0.93910076428115,1.53831240159525,2.26844813786809,1.56550598282709,0.349135316275709,NA,0.00562525741200663,1.6,3852,0.0295738915691038,1.00328696368582
"v[201]",0.0933027735995069,0.279726255822559,0.510468587639175,0.293732441151027,0.11167358190797,NA,0.00128174975245957,1.1,7591,0.0245129106935809,1.00042563248711
"v[202]",1.04112241464425,1.7462638346651,2.55029659548916,1.77726156297133,0.391044330464106,NA,0.00532348584130877,1.4,5396,0.02186480232093,1.0000322668411
"v[203]",0.203795014439077,0.575773004160759,1.06051482632782,0.607743163820804,0.230582730684211,NA,0.00264347462082335,1.1,7609,0.0352206571558866,1.00097395877371
"v[204]",0.558351918609666,1.22162549802987,1.99276733694638,1.2589099575817,0.378914852193151,NA,0.0045461320039141,1.2,6947,0.0135323438887835,1.00013946653519
"v[205]",0.967907810902628,1.59427255734954,2.36722513163162,1.62011142404393,0.362895847578274,NA,0.00435820627850826,1.2,6933,0.0219736297072485,1.00090488893281
"v[206]",0.448166344177414,0.839837387799544,1.28014765853285,0.858252394022972,0.219088960107352,NA,0.00293389077858989,1.3,5576,0.0145141573839085,1.00083335241929
"v[207]",0.147340422078765,0.4685178327707,0.895395448281473,0.497911371700378,0.202733160545418,NA,0.00239293285108474,1.2,7178,0.00962910430580711,1.0010291220979
"v[208]",0.0284988764572453,0.236985359497084,0.563931710188994,0.26440410345321,0.150296204391006,NA,0.00182139347838374,1.2,6809,-0.00867402865964293,1.00040782987897
"v[209]",0.528733841203011,1.07334293793539,1.6957999928251,1.10111543327112,0.306545923156465,NA,0.00348017076580923,1.1,7759,0.0225546704088084,1.00089263251923
"v[210]",0.741088958985546,1.37530090429916,2.15865418969906,1.41088783719291,0.370738941737018,NA,0.00443219000048749,1.2,6997,0.00958571013157107,1.00010337704429
"v[211]",0.198223914270734,0.56903508045403,1.04980941902835,0.597997458036307,0.226167393808955,NA,0.00268263784465574,1.2,7108,0.018160036951985,0.999901981303122
"v[212]",0.237482700630146,0.652896083642787,1.16015513191194,0.683623274202683,0.243893988092313,NA,0.00292751122598397,1.2,6941,0.00550455191632281,1.0002326932056
"v[213]",0.164459306701573,0.828750246568553,1.80707528727028,0.907722368815164,0.452006818770017,NA,0.00545610502238742,1.2,6863,-0.0127756524964161,0.999963060724427
"v[214]",0.618064636438621,1.05374456365686,1.59241914172959,1.07642702256168,0.253080644996565,NA,0.00313226938612525,1.2,6528,0.0266320360451026,0.99993568034696
"v[215]",0.0102230998719523,0.198910479122204,0.567762417704696,0.23752759286571,0.165866643378108,NA,0.00216347577533389,1.3,5878,0.0333211189985575,1.00058170042698
"v[216]",0.00737486747171741,0.273690036614055,0.749679248415264,0.321338205447149,0.217012718652118,NA,0.00278438910890364,1.3,6074,0.007856944653794,1.0000093084823
"v[217]",0.17500241699762,0.96960033689299,2.05288126896527,1.05107151903326,0.520255458242195,NA,0.00620211633927906,1.2,7036,-0.00539106598379939,1.0000450930912
"v[218]",0.0296515238971596,0.263513096459371,0.641225123922595,0.297645096468279,0.173725203704045,NA,0.00221655594743637,1.3,6143,0.0109626855541977,1.00072050457635
"v[219]",0.302276574956234,1.06172351731543,2.18152612502024,1.13713243158887,0.506135803851606,NA,0.00568903779128136,1.1,7915,0.014095449244797,1.00017156692211
"v[220]",2.14375570019814,2.87780271464856,3.7328632674228,2.90028691878491,0.410519385305787,NA,0.00766946323978045,1.9,2865,0.0656611530677843,1.00021402099613
"v[221]",0.225581384860936,0.629413290480482,1.17862039259384,0.664537295424296,0.25636160377263,NA,0.00303645357164933,1.2,7128,0.0336156021969127,1.00031008231302
"v[222]",0.287863794996712,0.776268500478613,1.37877824912692,0.814668006752579,0.290340757990179,NA,0.00337596448935654,1.2,7396,0.00713477652311066,1.00040005719336
"v[223]",0.210259136224545,0.826773019267505,1.64848196412459,0.884726733600166,0.389499464221638,NA,0.00450649753676177,1.2,7470,-0.0160711225568535,1.00017829807217
"v[224]",0.0635367747634476,0.34255060229598,0.730204426417678,0.374000942153134,0.186115710931879,NA,0.00220226922475173,1.2,7142,0.0121865904470263,1.0002317571097
"v[225]",0.0662044209430494,0.352915778712378,0.753023947363332,0.383026850011399,0.186867872536228,NA,0.00219193165376118,1.2,7268,-0.00193118176657101,1.00014208883469
"v[226]",0.302115895755394,0.643343006108346,1.07574049966388,0.665218665319588,0.202769497251019,NA,0.00245118091200351,1.2,6843,-1.98875150039103e-05,1.0007632713266
"v[227]",0.124188635891029,0.459513445221648,0.937021288710819,0.491211133355615,0.219461075365764,NA,0.00265788090005706,1.2,6818,0.00894398676895495,0.999925517013695
"v[228]",0.0266668364261084,0.578784128658074,1.55838007185062,0.678182953306846,0.462693032242167,NA,0.00605259910631241,1.3,5844,-0.00484563808223719,1.00009315290277
"v[229]",0.169096471105815,0.549402668688135,1.04799677693413,0.580822440610724,0.236872447088064,NA,0.00271700712143821,1.1,7601,0.00161949470184895,1.00041988825783
"v[230]",1.70949598396482,2.49884550802022,3.43506912533677,2.52079342106999,0.440772275304329,NA,0.00807805596704261,1.8,2977,0.0529452143389679,1.00004458410618
"v[231]",0.176456566570431,0.543012907391116,1.0371399554698,0.5743307820536,0.233370833494709,NA,0.00267002879707602,1.1,7639,-0.0127060184570855,1.00092748779473
"v[232]",0.0331288419424639,0.262075811934665,0.61684476993367,0.292821425516894,0.165762040646835,NA,0.00201783566556268,1.2,6748,0.00523529550598453,1.00026498751783
"v[233]",0.321934946028844,0.618911153386555,1.00397926008211,0.636219668630117,0.178769479065399,NA,0.00228202069667982,1.3,6137,0.0316905892252183,1.00003739350011
"v[234]",0.166075597175372,0.537441821195945,1.02719553696272,0.569890395343753,0.232119040608977,NA,0.00275685291989874,1.2,7089,0.0157996703189957,1.00009366741309
"v[235]",1.69604412694586,2.45720511581244,3.32967613442219,2.481230974591,0.418562047034129,NA,0.00725990792052212,1.7,3324,0.0487648612051942,1.00168185137423
"v[236]",0.729308468482921,1.4009766428167,2.23113962795303,1.43700317633087,0.394144766778564,NA,0.00484346273110794,1.2,6622,0.0191083926963973,0.999912926377058
"v[237]",0.517187562773746,1.10449197643754,1.79332558897716,1.13567590000225,0.333917688045769,NA,0.00432968433795815,1.3,5948,0.0100189296534172,1.00089749424271
"v[238]",0.454158893572215,0.97698853331531,1.61759907378113,1.00581425821771,0.305663989293081,NA,0.00346043384727647,1.1,7802,0.00204816966826141,1.00018345544429
"v[239]",0.0807523793140835,0.46545133617874,0.994463668167721,0.505347128892517,0.251419231613981,NA,0.00307861060599403,1.2,6669,-0.0031302481808505,1.00009049890772
"v[240]",0.440365502977644,1.13586988322788,1.99533335912248,1.17877975790325,0.41272375984593,NA,0.00485371756942292,1.2,7231,0.00715352263862894,0.999954009541091
"v[241]",0.777067814820571,1.33520637845277,2.00113069893477,1.36685270604989,0.320608054441975,NA,0.00441196041974971,1.4,5281,0.0446645699452558,1.00074967342874
"v[242]",0.3415188330864,0.701623190501366,1.16408508587838,0.722696365220249,0.218375781205711,NA,0.00255704087111612,1.2,7293,0.0160333104661152,0.999943610287777
"v[243]",0.34080938207106,1.20707422421736,2.45039063650019,1.29574485167313,0.575705369405912,NA,0.00660408532383308,1.1,7599,0.00301043923514876,0.999937074410469
"v[244]",0.0870728589441877,0.35944927697995,0.776912390434429,0.392110299220007,0.192339791881928,NA,0.00249631915462831,1.3,5937,0.0077783036081497,1.00038217482392
"v[245]",0.164991668897721,0.537990747630935,1.01818234511348,0.570352223679562,0.231421934205663,NA,0.0026970038515566,1.2,7363,0.00466342876556539,1.00041786068167
"v[246]",0.202944064790514,1.03019219955682,2.21727760258653,1.12382473569844,0.560390050876349,NA,0.00774819904174656,1.4,5231,0.0202837251311706,1.00046036346033
"v[247]",0.229591708417056,0.524507486408628,0.912504093571649,0.544166551499819,0.182051095845948,NA,0.00203466703064797,1.1,8006,-0.000158911621176927,0.999977044475474
"v[248]",0.389326173206087,1.22314716278244,2.3813294442033,1.30020318271831,0.532598044687787,NA,0.00635537635107534,1.2,7023,0.00705454707482855,1.00025849405958
"v[249]",0.281292717450063,1.05672685098652,2.12917834718252,1.13253891567743,0.504529634840102,NA,0.00605729910367461,1.2,6938,0.0124580509235829,0.999956776227599
"v[250]",0.673656629059088,1.30909284967018,2.05934478256751,1.34213191620302,0.361598956898565,NA,0.00502712094434907,1.4,5174,0.0150538491458911,0.999986708419998
"v[251]",0.535681657708756,1.10352422525103,1.77475879076832,1.1306930221139,0.328045743782447,NA,0.00385033406422151,1.2,7259,0.0262767149622887,1.00024513353366
"v[252]",0.45494258265807,0.889778523802474,1.37329185496112,0.908359418168834,0.240534060658293,NA,0.0031833820964581,1.3,5709,0.0192296832552282,0.999931199345325
"v[253]",0.0895983536174592,0.617142134675245,1.48808302007029,0.692200173124756,0.393306131577384,NA,0.00472113975483501,1.2,6940,0.0059529205589311,1.00047689225197
"v[254]",0.836309372392321,1.47041905448259,2.21042785969041,1.50090957918123,0.360500441125837,NA,0.00456093615410265,1.3,6247,-0.000114055844548817,0.999921237717945
"v[255]",0.589438667922336,1.13155301515148,1.70454917486212,1.1556593915243,0.291101688428565,NA,0.00368862092423663,1.3,6228,0.0095545225559931,0.999951964121486
"v[256]",1.44494297543478,2.27637127592034,3.1540363319823,2.30101558452957,0.441147489527652,NA,0.00679089490982636,1.5,4220,0.00866739240645911,1.00287546927648
"v[257]",0.394034271669634,0.82389066609637,1.32694980165838,0.846323594115554,0.245833298060097,NA,0.0030168526621785,1.2,6640,-0.000294180004054187,1.00024185506795
"v[258]",0.670214243819762,1.24469444488914,1.88485647862093,1.27389423564474,0.320849777887507,NA,0.00384749170746837,1.2,6954,0.0130378454584277,1.00129823529357
"v[259]",0.349542262225937,0.788751486200886,1.34227093781956,0.815181966510891,0.26093400722573,NA,0.0029990648932475,1.1,7570,-0.00135167774872111,0.999955486962316
"v[260]",0.406079672829897,1.29582251078211,2.4434420910207,1.36512995443843,0.550412474376471,NA,0.00658462540601659,1.2,6987,0.00945989823289071,1.00022037963029
"v[261]",1.06139008083059,1.88709219966507,2.88171166595692,1.93347174747851,0.476603396858661,NA,0.00590266194734305,1.2,6520,0.017020937929269,0.999966026849865
"v[262]",0.423224969048698,0.912780899598666,1.50216803217185,0.9405421246758,0.284608771480632,NA,0.00342698737805084,1.2,6897,0.0130313543451211,1.00023360089388
"v[263]",0.613012760014877,0.990186576230671,1.44871558339822,1.00682327416725,0.21607104881419,NA,0.00326470783842347,1.5,4380,0.0406089923981068,1.0002044702243
"v[264]",0.510540167110753,1.02443361536995,1.64514379529863,1.05173242924884,0.296642991114458,NA,0.00357741589320026,1.2,6876,0.0373411542128291,1.00055058609247
"v[265]",0.443792768106373,0.896500115582044,1.45855078554998,0.923524034062094,0.266687699790465,NA,0.0030403391819835,1.1,7694,0.0110732008906141,0.999971752393661
"v[266]",0.465379413434052,0.986263178841846,1.57487413602262,1.0181882741991,0.295399017995218,NA,0.00382853984390733,1.3,5953,0.00396438704618358,0.999992712179441
"v[267]",0.715054610965725,1.20122203781955,1.87556610105633,1.2288792492143,0.298434821035345,NA,0.00336140472993069,1.1,7882,0.0168241364273817,1.00012690848304
"v[268]",0.011814208302508,0.318586624593139,0.881797753985024,0.373060838466891,0.254063000823733,NA,0.0033890508457703,1.3,5620,0.00284532673336933,1.00154488921958
"v[269]",0.428322872023529,0.829168154795751,1.33374695814431,0.851965059879399,0.238553568824679,NA,0.00285669560652819,1.2,6973,0.00661453264544367,1.00041342750838
"v[270]",0.717372707911595,1.26873787439521,1.94421309620685,1.29949246026552,0.318182320140548,NA,0.00424810474322902,1.3,5610,0.0357119251989899,1.00000369684724
"v[271]",0.262108995041881,0.635315819195745,1.10527430822005,0.658249819126071,0.221677003576595,NA,0.00260884687769961,1.2,7220,0.00592505203617902,1.00018406944611
"v[272]",0.14917602639254,0.461868779610605,0.893252443383943,0.489480999646416,0.200499059877968,NA,0.00228528724780722,1.1,7697,0.0172375613826619,1.00023763849546
"v[273]",0.394981764846737,0.804386815122594,1.33118049756176,0.835312714773772,0.247422827003343,NA,0.00307250248491922,1.2,6485,0.0211196170460554,1.0000775124584
"v[274]",0.961917965600239,1.62285670730492,2.38679995112322,1.65726770034211,0.374608019088101,NA,0.00480630942480634,1.3,6075,0.015601930293641,1.00007245775737
"v[275]",0.162273809456173,0.467730824720734,0.852510624171352,0.490708091346789,0.184866273409037,NA,0.00222143648032783,1.2,6925,0.0111690441596322,0.999900682460944
"v[276]",0.621783729081913,1.51963785251546,2.73674256121945,1.58799741752051,0.561822731386545,NA,0.00627031482199515,1.1,8028,0.00885423688497241,1.00013578903246
"v[277]",0.659187622048713,1.15720387107741,1.74297749572963,1.1792912168665,0.282871758959098,NA,0.00336979076516555,1.2,7046,0.002553928206884,1.0003215091317
"v[278]",0.364166736511238,0.701681297087012,1.16555699429596,0.7236374774268,0.210842821931818,NA,0.00259187604276482,1.2,6617,0.0124746380086966,1.00002911768112
"v[279]",0.126897985709768,0.372458291582773,0.680476907682861,0.392776962622555,0.148446087116596,NA,0.00174510052218436,1.2,7236,0.00596916543303956,1.00044208063723
"v[280]",0.86524953822936,1.611477739597,2.4731761115814,1.6473703303078,0.418589678562485,NA,0.0053491666593441,1.3,6124,0.00601265301086612,0.999905101049659
"v[281]",0.00755694206327105,0.127776200400309,0.351370743384039,0.149768737576524,0.102072791657381,NA,0.00134221821844754,1.3,5783,-0.000610816978180401,1.00023623186818
"v[282]",0.274536408194481,0.70448177256189,1.23553332348238,0.731165655299846,0.256371092751623,NA,0.00297948239527645,1.2,7404,0.0103710403194717,0.999967990772146
"v[283]",0.641961822501366,1.2494132549763,2.02513136349369,1.28590223212756,0.363551307132087,NA,0.00408760781402873,1.1,7910,0.0160071506177203,0.999947722306778
"v[284]",0.131301037673811,0.398434457642928,0.75915160682938,0.420185761780836,0.171297739539352,NA,0.00203721414644203,1.2,7070,0.011985553642196,0.999902275334977
"v[285]",1.51481338005436,2.12837262967131,2.84186772723341,2.14626960911119,0.339659958341098,NA,0.00578476047414677,1.7,3448,0.0387821727565155,0.999964947980003
"v[286]",0.190435524757024,0.543459664202875,0.991803545229541,0.568163408729556,0.212134264175872,NA,0.00250278439590828,1.2,7184,-0.00442073287975693,0.999948653298486
"v[287]",0.780487329747516,1.35287812352686,2.06369507577786,1.38209972439058,0.337231540226774,NA,0.00428405905553057,1.3,6196,0.0113996765997145,1.00004975144234
"v[288]",0.56038380473949,1.08959357854782,1.69526097433178,1.11893412538942,0.300569726177954,NA,0.00405200730718065,1.3,5502,0.027903023725997,1.00202841780294
"v[289]",0.490013723119169,1.03292486696618,1.63622985725494,1.06245146690882,0.297193788304052,NA,0.00366007691312067,1.2,6593,0.0117716993265898,0.999932665860827
"v[290]",0.0160514717264451,0.395061397407139,1.09777212373686,0.469051451134265,0.321521182170089,NA,0.00420130409234098,1.3,5857,-0.010327381434393,1.00036299473022
"v[291]",0.51826330442726,1.0345920698999,1.64712289116485,1.05894407554464,0.296454333223677,NA,0.003633896851616,1.2,6655,0.0131836686856525,1.00057701923577
"v[292]",0.922173869476491,1.56614258065447,2.30918075058315,1.59072046344068,0.360201623538524,NA,0.004833401941625,1.3,5554,0.022137854482724,1.00038615914481
"v[293]",0.846947018903203,1.44360662697493,2.19652306383486,1.46816303726032,0.352069006673847,NA,0.00537335581167003,1.5,4293,0.0222695280183656,1.00107991398763
"v[294]",0.0765916506329113,0.232667649477232,0.453602949704627,0.246342478645135,0.100448074285142,NA,0.00119851884086712,1.2,7024,0.0041647628680958,1.00117529258422
"v[295]",1.09518905311732,1.77980202809544,2.5214902485746,1.80628808748376,0.370074396252927,NA,0.00526786734596132,1.4,4935,0.031153738628609,0.999958166432186
"v[296]",0.0232560714940112,0.190918129546925,0.453778840555476,0.214025657040316,0.120876475520467,NA,0.00152847502727191,1.3,6254,0.0031351994131213,1.00092068826064
"v[297]",0.556305288892919,1.02242130802374,1.59782840999005,1.04464026047263,0.270768671112234,NA,0.00372138426357975,1.4,5294,0.0263717817430072,1.00067115942016
"v[298]",0.111061562381267,0.294618444523136,0.553085641296964,0.311178503121837,0.117453053570682,NA,0.00137675968851962,1.2,7278,0.011288417932535,1.00048260302058
"v[299]",0.53528000930496,1.02672529191102,1.64293835202035,1.05667260241797,0.292862246946107,NA,0.00363477321530445,1.2,6492,0.0144127365715483,1.00043750087974
"v[300]",0.126447615775219,0.403826010896116,0.776988033652333,0.427397316759762,0.175547179951189,NA,0.00219036472126092,1.2,6423,0.0156812837622568,1.0000726416761
"v[301]",0.0631114208855524,0.316257884996783,0.670892843588854,0.344391837684706,0.167408374877301,NA,0.00200240683316606,1.2,6990,0.0210059880330177,1.00044910212925
"v[302]",0.917808319827856,1.59047143079808,2.36870576664075,1.61975091021505,0.370406170663332,NA,0.00459189663600576,1.2,6507,0.0119791072251157,1.00039914625133
"v[303]",0.352421928531555,0.827501569190378,1.36665335838722,0.856532093705069,0.271812249207029,NA,0.00325512108725655,1.2,6973,0.0162806994761758,1.0003078646617
"v[304]",0.764352766261695,1.28434158185801,1.88089699990924,1.30632872569825,0.291066757626305,NA,0.00416963267419544,1.4,4873,0.011883272912192,1.00040092422723
"v[305]",0.754292355031389,1.28940267887378,1.93830066840252,1.31579320752013,0.30832928553747,NA,0.00410748845287917,1.3,5635,0.024147155930601,1.00002703968151
"v[306]",0.210457521320958,0.468896991787093,0.780859951802729,0.486128445073072,0.148703997053854,NA,0.00200539987044818,1.3,5498,0.0121612471192844,1.00021841176207
"v[307]",0.757134001692976,1.35066003603296,2.04284869239711,1.38022054735088,0.336918260386883,NA,0.00419843033807059,1.2,6440,0.0230109095324639,1.00113312817883
"v[308]",0.109349678888026,0.383415401019554,0.773269627279415,0.407881736232561,0.178781310526828,NA,0.00226900538700887,1.3,6208,0.0125401368381689,1.00009570999273
"v[309]",0.0222539404827186,0.219771951021908,0.523688174730161,0.249505630903679,0.144398406012578,NA,0.00180407568230002,1.2,6406,0.0246495479758287,1.00007824027451
"v[310]",0.468383561403058,0.950602107889133,1.5608220924133,0.977822470611031,0.285977085520453,NA,0.00377011638770101,1.3,5754,0.0024962723576734,1.00022073009514
"v[311]",0.414251084231922,0.718040092052835,1.08237553691719,0.73039895707377,0.172794664359333,NA,0.00265707372851648,1.5,4229,0.0140598750658846,0.999969583752626
"v[312]",0.605210510147914,1.06079418435826,1.5928269987551,1.08306590182141,0.258699554789342,NA,0.0034028823605153,1.3,5780,0.02515059880843,1.00048798816552
"v[313]",0.820259965649004,1.30714305101588,1.87700005852171,1.32943965571964,0.277110614175152,NA,0.00413387110693833,1.5,4494,0.00918054548022449,0.999938430961537
"v[314]",1.00926293612731,1.64464359772035,2.44555593893979,1.67060388693895,0.37170495784874,NA,0.00485735027635264,1.3,5856,0.00903420459649415,1.00131080679065
"v[315]",0.293329550159023,0.707387705041149,1.2114752661245,0.734835653651368,0.245088483292853,NA,0.00278221307565527,1.1,7760,0.00458755641777502,1.00047092636825
"v[316]",0.00375788349472999,0.150039269256121,0.413761855468527,0.177025953597648,0.122093589091236,NA,0.00160604555847979,1.3,5779,0.0151106475499958,0.999961961064315
"v[317]",1.13122766139453,1.84049048349401,2.72361195591991,1.86939665650881,0.406685896707072,NA,0.00484428508852474,1.2,7048,0.0113135720288557,1.00099249831018
"v[318]",0.252099184341738,0.526033713372596,0.884820853720729,0.54432036441501,0.166727545468183,NA,0.00214379330562212,1.3,6049,0.0245094283452922,1.0001815089164
"v[319]",0.363284831402737,0.673818432525022,1.05460342299671,0.692546670518985,0.183014083956727,NA,0.00244132160359681,1.3,5620,0.0111557136412914,1.00029523877187
"v[320]",0.0378181150603668,0.486280953186,1.13383257638715,0.542110610371203,0.309559741549346,NA,0.00379806764176112,1.2,6643,-0.00794315572983034,1.00039995061391
"v[321]",0.436158470736198,0.757323372629224,1.13061884217723,0.770156789181068,0.181932743561168,NA,0.00248395905986583,1.4,5365,0.00362041728685732,1.00132879739803
"v[322]",0.24861121722537,0.651937473459332,1.15898297569721,0.684331562508676,0.244267798611412,NA,0.00283238661009015,1.2,7438,0.00822398900808592,1.00065050446725
"v[323]",0.395395720098296,0.76449510600506,1.20040886800501,0.78315937665319,0.21266323599224,NA,0.0026549625441975,1.2,6416,0.00506002478137148,1.00018490838436
"v[324]",0.107627293615345,0.385944658703561,0.772492206006856,0.411985709176014,0.18112797173931,NA,0.0020925564333923,1.2,7492,0.00810794125344995,1.00070898999843
"v[325]",0.563742214330317,1.10400386565052,1.73502360785606,1.13581219572072,0.307709624053738,NA,0.00436163274188804,1.4,4977,0.0356454566473924,0.999948245244092
"v[326]",0.0295211841712506,0.227018350620915,0.534957536000418,0.253011122626231,0.14371643317594,NA,0.00179601858985982,1.2,6403,-0.00884257284452286,0.999917441970786
"v[327]",0.872487170617977,1.34792386000257,1.91841547608072,1.36606775425253,0.268687503044488,NA,0.00402360388173494,1.5,4459,0.0465475662861114,1.00024883176424
"v[328]",0.147692934434462,0.843419262864536,1.79268073641543,0.9161255913929,0.452029919119425,NA,0.00528436945004791,1.2,7317,-0.0303615400972716,1.00006541153487
"v[329]",0.481555539840644,0.916291282900175,1.48057218961048,0.940985885845238,0.261327579495363,NA,0.00308128214383069,1.2,7193,0.0184824829158276,0.999932513381175
"v[330]",0.523003930772158,0.887624216376415,1.33059321171234,0.905225469624985,0.20743631620811,NA,0.00272422269371684,1.3,5798,0.0307173469140528,1.00028386224098
"v[331]",1.29504130015817,2.07459906315321,2.94603565803895,2.10823599631751,0.425567119256065,NA,0.00640361191657704,1.5,4417,0.0325717163167377,1.00116275207593
"v[332]",0.570501307624481,1.03155786427498,1.58658471567697,1.05205801822115,0.268240946834272,NA,0.00379291076078517,1.4,5002,0.0362660443075071,1.00005121729508
"v[333]",1.7543244629012,2.55897783933355,3.44315391196094,2.5887863420478,0.436839530923931,NA,0.00728895925169355,1.7,3592,0.0324398751121189,1.00049110284624
"v[334]",0.00363167566866091,0.145050888024499,0.391479219919334,0.170135633605465,0.115007316796839,NA,0.00151172249886833,1.3,5788,0.0196498986566378,1.00030041567347
"v[335]",0.0788817688831981,0.297791999910544,0.606769137080419,0.319632742952316,0.143050310191945,NA,0.0017722792859071,1.2,6515,0.00884124964601922,1.00045495303808
"v[336]",1.08336617289174,1.56587554247448,2.11550254669855,1.5830292068414,0.268024891743315,NA,0.00529194534245107,2,2565,0.0544485846934062,1.00020592741383
"v[337]",0.256814758691516,0.555927407179838,0.915011678842343,0.574395252916362,0.174653721981168,NA,0.00221230046889556,1.3,6233,0.0152259509006764,1.00032057314329
"v[338]",0.504498743187989,1.20980540164779,2.09398872092206,1.26171637812473,0.417105821330548,NA,0.00469850627551911,1.1,7881,0.0140614281836937,1.00089155665063
"v[339]",0.0624453694576101,0.286113375332757,0.622257887172644,0.31362923910798,0.15382898390897,NA,0.00181679899179783,1.2,7169,0.0108861024413957,1.00010914770253
"v[340]",0.412232470262769,0.844321987132549,1.35672468169021,0.869152813605983,0.25173538207292,NA,0.00299526573584569,1.2,7063,0.00651027126025066,1.00025359626005
"v[341]",0.230921640143199,0.62554816145703,1.11030498344761,0.653919133566839,0.234321864545342,NA,0.00272178811144094,1.2,7412,-0.00569647482519915,1.00014238443471
"v[342]",0.486326491668744,0.896356585992322,1.41772214263164,0.917423933654013,0.245116947666527,NA,0.00294288506647165,1.2,6937,0.0061304183520643,1.00003109847209
"v[343]",0.606103088088541,1.16507337923194,1.79702217368803,1.18989235316701,0.311241826667394,NA,0.00365533600372003,1.2,7250,0.0232981285516568,1.00094743682068
"v[344]",0.894544402254642,1.32706991097492,1.81108923590013,1.34219806272047,0.237015325961187,NA,0.00433327488368994,1.8,2992,0.0604354887741642,1.00115629370162
"v[345]",0.410829167660273,0.756092534459904,1.17563782799268,0.775850252908481,0.202471536031283,NA,0.0026142208388778,1.3,5999,0.0148070341301912,1.0013612124056
"v[346]",0.942110850113616,1.58279705397791,2.31862158473782,1.60908024523355,0.354267237787962,NA,0.00499565828925842,1.4,5029,0.0284295055400025,1.00003365282357
"v[347]",0.802966192598212,1.36236719710143,2.01179677032068,1.38763192127276,0.317876455122187,NA,0.00441433620576609,1.4,5185,0.0426142428348005,1.00099440533096
"v[348]",0.163020511846377,0.44924448025557,0.833838812558569,0.473068289476902,0.177910996911645,NA,0.00202701083150684,1.1,7704,0.00857241097097093,0.999942917470612
"v[349]",0.370181268464279,1.12285676504223,2.13849785030352,1.18610530705129,0.474920429851027,NA,0.00537659788525608,1.1,7802,-0.00168829635039091,1.00230713323472
"v[350]",1.42187079732742,2.07030294695168,2.84368608890678,2.098485048929,0.368789817986908,NA,0.00592137003021467,1.6,3879,0.0426176501533147,1.00017064256841
"v[351]",0.184474544176751,0.653811270160818,1.33032476429081,0.699023453697198,0.310128210684828,NA,0.00371563744159256,1.2,6967,-0.00556114656725074,1.00035856778632
"v[352]",0.430401578515332,0.82159009604249,1.29853248082211,0.843526893831035,0.229294874119845,NA,0.00327229159308454,1.4,4910,0.0394885787292706,0.999931148403628
"v[353]",0.04130408438354,0.245340630364216,0.521212839983718,0.266857750556968,0.130716860523571,NA,0.00168255422033491,1.3,6036,0.00467592992154482,0.999993100564508
"v[354]",0.529852070459453,0.871616731612795,1.27903423477792,0.886600455049486,0.193320168925161,NA,0.00318510757022265,1.6,3684,0.0242176481011758,1.00083502076192
"v[355]",0.0196399698075292,0.202280867898349,0.478437559002343,0.226542289873682,0.129377449406862,NA,0.00160870542606715,1.2,6468,0.00819654221624626,0.999994477271884
"v[356]",0.557778694157449,0.947672853663945,1.37396627988193,0.964768329557395,0.210000331467985,NA,0.00315328497018085,1.5,4435,0.040648041082353,1.00112956315087
"v[357]",0.153815401240403,0.484976193609082,0.934630919229406,0.515168031671153,0.209825594553449,NA,0.00243045256528719,1.2,7453,0.00522750716337396,0.999948569727761
"v[358]",0.524878483834391,1.03540496868323,1.65699570055189,1.06235268985842,0.298783952814592,NA,0.00367632330550721,1.2,6605,0.00503824679183122,1.00040633187872
"v[359]",0.312856041932115,1.01280923326517,1.89678271670931,1.06814010795258,0.42839467280176,NA,0.0049284770078733,1.2,7555,0.0179579150058031,1.00011737645177
"v[360]",0.762473722168206,1.27975085925729,1.89296541369781,1.30104106110402,0.294152267663928,NA,0.00408953516305433,1.4,5174,0.050569517804901,0.999988049810871
"v[361]",0.535970155780075,1.08387793690398,1.69098383284196,1.11388594343235,0.300550086249852,NA,0.00358894797556637,1.2,7013,0.000932162071223348,1.00009010131498
"v[362]",0.397373101022938,0.881049571743741,1.48775656420902,0.914236127186376,0.290358533349125,NA,0.00329417438576251,1.1,7769,0.0080115955846205,1.00010496259032
"v[363]",0.557871923855513,1.22104436035246,2.01665124480335,1.25788318318103,0.378287511930099,NA,0.00432986607599897,1.1,7633,-0.00448119538436339,1.0004121955604
"v[364]",0.281967059796202,1.10526553171965,2.23597815971997,1.18245485404748,0.527287873218857,NA,0.00629675284945681,1.2,7012,0.0156159925334078,1.00050869439976
"v[365]",0.808667040812949,1.36920038282674,2.01122624693726,1.39009287248362,0.315902683371406,NA,0.00422660112508322,1.3,5586,0.0293569476834097,0.999904451031959
"v[366]",0.407982924659481,0.891379139737929,1.46246155991183,0.919109535085542,0.278529631162923,NA,0.00365203194889866,1.3,5817,0.0247189699188655,1.00040143112786
"v[367]",0.74977131377001,1.34530057672176,1.97915528068004,1.37040156269639,0.319652252768414,NA,0.00393639535593898,1.2,6594,0.0206267788077775,1.00004117948606
"v[368]",0.302098486620653,0.707516881506811,1.23286473227662,0.737888930931974,0.247352230592975,NA,0.00300232368018614,1.2,6788,0.0169317037128502,1.00012304535652
"v[369]",0.00214362917844595,0.152971198114383,0.425033284522092,0.18108388519927,0.124168962017873,NA,0.00166145616340313,1.3,5585,-0.0053919133376572,1.00001611283097
"v[370]",0.5808880818684,1.11105562949946,1.77229675801033,1.14103950529063,0.307136695727841,NA,0.0035496351914539,1.2,7487,0.0313137577978151,1.00006398628121
"v[371]",0.0312291607631663,0.221976027284936,0.530825129505858,0.248820928742954,0.141505884119986,NA,0.00177202461077711,1.3,6377,-0.0203146436498671,1.00005163059047
"v[372]",0.645683169372256,1.18790597356654,1.8378136150862,1.21546756514244,0.313823210446114,NA,0.00421018405479309,1.3,5556,0.00560549159633212,1.0004018770087
"v[373]",0.356725144275429,0.791508403889652,1.35251836251442,0.81977899897327,0.25966432870644,NA,0.00292925916967109,1.1,7858,-0.00193260820016207,0.999995398670719
"v[374]",0.0783468014309256,0.803906069784172,1.89938417583641,0.902546880894049,0.521900597327469,NA,0.00625910686952894,1.2,6953,0.0155919077118921,0.999927236221333
"v[375]",0.209553545887607,0.468134149217896,0.792036090037609,0.482548776355617,0.153573727618679,NA,0.00174813086241672,1.1,7718,0.0210410540694367,1.00010349456812
"v[376]",0.408988616029701,0.757794367904675,1.19885672285507,0.778826135049018,0.205759487919616,NA,0.00245644867898201,1.2,7016,0.00576541918209895,0.999996748297065
"v[377]",1.10020829430031,1.78099353639274,2.6807617670902,1.81699146354932,0.4129868603478,NA,0.00504282736816827,1.2,6707,0.0129582285931323,1.00084049147861
"v[378]",0.135794524084687,0.732311986386614,1.56460113680391,0.796932594712662,0.392815919673031,NA,0.00473587345163889,1.2,6880,0.000857021797326092,1.00005958676414
"v[379]",0.713516012993215,1.18111596573529,1.77119994970865,1.20804036933521,0.279332831810989,NA,0.00376848576242379,1.3,5494,0.0336056193028366,1.00016622877963
"v[380]",0.0688129906738497,0.306302502261403,0.663363761086332,0.332256521380354,0.16450743156477,NA,0.00200260692010628,1.2,6748,0.00756638103368547,0.999955813693644
"v[381]",1.10178480331511,1.77191922292718,2.51388969683832,1.79850256335405,0.365788359381903,NA,0.00539764496064083,1.5,4593,0.0215620569040017,1.00013265253877
"v[382]",0.3494658145439,0.716288086045214,1.14064290921709,0.736541590861466,0.207404982367426,NA,0.0025720836643486,1.2,6502,0.0153169118170712,1.00009270775963
"v[383]",0.105241910694879,0.382921767467212,0.769474892944948,0.40989638289687,0.181090880402128,NA,0.00216421186115666,1.2,7002,-0.0155737023519204,1.00005080628235
"v[384]",0.741784981634612,1.35103309152864,2.0410398527303,1.37938745801756,0.339563637578126,NA,0.00456344940158687,1.3,5537,0.00670583269029996,1.00140052748993
"v[385]",2.31998354764638,3.30446484216366,4.38559878746196,3.33835656678917,0.535244528953931,NA,0.0100550253729458,1.9,2834,0.0536530752295964,1.0014403558488
"v[386]",0.886841788378141,1.51046485496266,2.26504714018887,1.54014510320191,0.361475893779771,NA,0.00531075046033109,1.5,4633,0.0340933179768029,1.00085764690498
"v[387]",0.0237149421939097,0.192767539737761,0.458363974342105,0.214872742107428,0.123278343114461,NA,0.00151813578115938,1.2,6594,-0.000248513445506744,1.00028193924393
"v[388]",0.334008246972001,0.881212583193375,1.53891070786799,0.919912629145356,0.323983575385773,NA,0.00361161154349274,1.1,8047,-0.00335197161574427,1.00007479285259
"v[389]",0.181390122125331,0.451896121721922,0.766208871606067,0.468814066861047,0.154629102585197,NA,0.00197282294391174,1.3,6143,0.00434064779859725,1.0003679483257
"v[390]",1.36764294554037,2.0586600253584,2.83474696656527,2.08542236783183,0.376714940701677,NA,0.00566966274712238,1.5,4415,0.0199776048657887,0.999904228102355
"v[391]",0.640753407875116,1.0761515985444,1.57308275027308,1.09510083263348,0.244438926223637,NA,0.00320119344905565,1.3,5831,0.0119417944624181,1.00042495431006
"v[392]",0.527111359284346,1.02793603474582,1.64844033745266,1.05620691343222,0.293906050780029,NA,0.00347179126189533,1.2,7167,0.0225780857588913,1.00027594920766
"v[393]",0.839933519741335,1.31509048430666,1.90557459671462,1.33413289482399,0.274525206571205,NA,0.00388729814512496,1.4,4987,0.0155460812027103,0.999980267959119
"v[394]",0.33592859237831,0.643471761561072,1.00868297501845,0.661026217559588,0.17626561224718,NA,0.00243267841366671,1.4,5250,0.0218588128952195,1.00030836952787
"v[395]",0.0292465390847186,0.222360751419233,0.539227775334326,0.250368185862597,0.145754051438972,NA,0.00184531410137996,1.3,6239,0.0148573169485272,1.00040340270141
"v[396]",0.849011803911541,1.50917796915764,2.2618470539995,1.53609400732137,0.370937824741389,NA,0.00521198313670822,1.4,5065,0.0286068036710212,1.00012184345255
"v[397]",1.80703761277717,2.76731350179359,3.79275527394006,2.79440227242285,0.509057907057223,NA,0.00877021106115632,1.7,3369,0.0354003665594387,1.00015757136598
"v[398]",0.919537279919634,1.58804632721587,2.34013508214463,1.62005482718265,0.368393255080686,NA,0.00489673964152444,1.3,5660,0.0245297076095047,1.00113053553416
"v[399]",0.291236214210085,0.702920107278816,1.23216721910006,0.734274180441568,0.248998628445059,NA,0.00305138462053922,1.2,6659,-0.00323696878164138,1.00040547655231
"v[400]",1.32482476569881,2.11167082001234,2.96059395011228,2.14508150850977,0.424215202005296,NA,0.00751469836540349,1.8,3187,0.036194319221983,1.00028051223556
"ll.e[1]",36.0701785084836,37.7222305315362,37.960149948962,37.4573728306733,0.699880612188237,NA,0.00805557387342505,1.2,7548,0.00941479058029759,0.999950964086061
"ll.e[2]",11.9957680356797,13.6175299349931,13.8451236072164,13.3568757112912,0.674636011958884,NA,0.00775573770965972,1.1,7566,0.00698986693597617,0.999919299113369
"ll.e[3]",3.06833431349285,4.57173469960587,4.77830815031843,4.33117692643352,0.612849733089624,NA,0.00664335067507422,1.1,8510,0.0115872705030586,1.00030168907561
"ll.e[4]",-2.50565015986499,-0.889463668731464,-0.555822233257466,-1.14179514115943,0.662211030671893,NA,0.00807834627363023,1.2,6720,0.00946938653831664,1.00108090492042
"ll.e[5]",-6.09521151916012,-4.42835429678973,-4.1333338009832,-4.69702751287515,0.700021934025939,NA,0.00858467060209441,1.2,6649,0.00352425808781947,1.00188913703911
"ll.e[6]",-8.36475589232177,-6.73644383458814,-6.42093395100771,-6.99503943367029,0.673231006163071,NA,0.00814888906675247,1.2,6825,-0.011325540821239,1.00249663861368
"ll.e[7]",18.991617429496,20.6475962355502,20.947359558396,20.3855491422818,0.682238688356104,NA,0.00736227860515708,1.1,8587,-0.00407692383995248,1.00062746073111
"ll.e[8]",7.45444459114541,9.06409232285377,9.33417839396616,8.80949159943922,0.67063747404801,NA,0.00788508116579838,1.2,7234,-0.0130075871489004,1.00190461957759
"ll.e[9]",-9.03336499187573,-7.38577254804707,-7.12370886798142,-7.65218668256804,0.682563117066424,NA,0.00799428189757358,1.2,7290,-0.0171152568919363,1.00187603404389
"ll.e[10]",2.65096749905526,4.24299789092599,4.51189112984495,3.98973701648188,0.662354953647275,NA,0.00763783415038755,1.2,7520,-0.00390248309242207,1.00191818813938
"ll.e[11]",63.0261100547862,64.7312433960704,65.2065405615332,64.4804588671348,0.721625985248439,NA,0.00881739119386039,1.2,6698,0.0181139401321879,1.00129433898801
"ll.e[12]",-9.2403231324857,-7.51916398102849,-7.21912530444005,-7.79901876489275,0.724095598012336,NA,0.00872232851649341,1.2,6892,-0.0130008709268934,0.999915619567018
"ll.e[13]",-6.99495225141765,-5.35687442936761,-5.08815498344827,-5.61653885728182,0.668575819040042,NA,0.00783377702138599,1.2,7284,-0.00281581796984706,0.999989969325877
"ll.e[14]",-2.48425239170518,-1.02437963281127,-0.823986032716025,-1.26098868103741,0.60842917637946,NA,0.00713124019053411,1.2,7279,0.0157769748737456,1.00016348587441
"ll.e[15]",-3.94571921350295,-2.30056307472899,-2.04955809204531,-2.56306088729107,0.701740579580898,NA,0.00893976620245193,1.3,6162,0.0166892237291385,1.00110035964924
"ll.e[16]",-4.17441763085778,-2.63526552718935,-2.42449097259686,-2.88430186799589,0.639407420959123,NA,0.00750576476673834,1.2,7257,-0.000515108751647644,1.00192691041781
"ll.e[17]",56.8177805117076,58.5235847869865,58.8266937967775,58.2488135384225,0.716262782685579,NA,0.00841167164738959,1.2,7251,-0.00734153876679311,1.00241216746569
"ll.e[18]",12.9389966586816,14.544560085122,14.8685727614349,14.2906701037185,0.647645522974173,NA,0.00738585293177884,1.1,7689,0.00508903549994994,0.999961190548743
"ll.e[19]",14.9595128945866,16.5469704572162,16.7585039682493,16.2899339281149,0.649305172321759,NA,0.00717281140617018,1.1,8194,0.00586221899354552,0.999920843258001
"ll.e[20]",8.22742809058771,9.85216526752323,10.0670300353504,9.59341445787083,0.673784514153726,NA,0.00796655970913085,1.2,7153,-0.00568394133823088,1.00017296755349
"ll.e[21]",-6.53995678261497,-3.83398869675362,-3.15212673376466,-4.20427295095703,1.12597746554813,NA,0.0143843130948783,1.3,6127,0.00628212785356173,1.00084338946878
"ll.e[22]",26.6966794550125,28.3456117864233,28.708627822527,28.0869322983064,0.678787334523741,NA,0.00781593463650483,1.2,7542,-0.00903458521661979,1.00368124610552
"ll.e[23]",-4.23740372400314,-2.71810683310224,-2.50469279434974,-2.9652156026563,0.629532384069541,NA,0.00774271290219312,1.2,6611,-0.00913833075720621,1.00001699240088
"ll.e[24]",-1.8244912148936,-0.250584293857717,0.030984725749905,-0.501584807395041,0.664383467308936,NA,0.0077738591174313,1.2,7304,0.00366320965208964,1.00464696815312
"ll.e[25]",5.25293107695761,6.86615708711039,7.09865480918366,6.61083801564723,0.646038133960142,NA,0.00750498983508075,1.2,7410,0.00207882133072693,1.00041841106425
"ll.e[26]",-2.63201747823017,-1.20982977109887,-0.985557953590599,-1.43871977266282,0.579892546746726,NA,0.00737573577725701,1.3,6181,-0.0069347381235587,1.00566410957326
"ll.e[27]",31.5460477405251,33.2451797828791,33.4619527577585,32.9729070722162,0.69679089848216,NA,0.00787202940443409,1.1,7835,0.0111182659922197,1.00092396167211
"ll.e[28]",-9.57857910259005,-7.44692314441025,-7.13897053384976,-7.78324235711763,0.869338264942934,NA,0.0108253148316746,1.2,6449,-0.0108800174342726,1.00657427800762
"ll.e[29]",-4.83377149845066,-3.13894425861068,-2.87317537316662,-3.40357445098686,0.694241137664488,NA,0.00822628568930657,1.2,7122,0.00849249227891495,1.00012146140924
"ll.e[30]",11.2637347109949,12.8697067653101,13.1824637142014,12.6250185229214,0.644779849055875,NA,0.00728159280147949,1.1,7841,-0.00231621279010395,1.00080215765807
"ll.e[31]",4.83883104871086,6.3808897442119,6.60279779966296,6.14086333576635,0.636146223992134,NA,0.00737694861480412,1.2,7436,-0.0020562118490198,1.00075143758628
"ll.e[32]",33.6694418309455,35.4080703066762,35.7884181758764,35.1443273617924,0.696939990224147,NA,0.00793614711863608,1.1,7712,0.000572291109720699,0.999968781307106
"ll.e[33]",2.69687337350916,4.23141492115266,4.44046993088575,3.98178506680035,0.639219602529373,NA,0.00758767142395893,1.2,7097,0.00749699848570127,1.00202703602463
"ll.e[34]",15.2636695967913,16.9425936718739,17.1949250401811,16.6758144774722,0.689177848039802,NA,0.00799337934346768,1.2,7434,-0.000521532153694231,1.00076887104711
"ll.e[35]",0.472239229343224,2.03347813628464,2.2530602412787,1.78156444059107,0.6465144698995,NA,0.00734829872451279,1.1,7741,-0.022710492184328,0.999944037713642
"ll.e[36]",178.342001293301,180.419719653048,180.888612550997,180.098976883008,0.842348453593733,NA,0.00926904486622426,1.1,8259,0.0102985928408449,1.00022524032308
"ll.e[37]",37.2286518292529,38.7725033353092,39.0801855063023,38.5226957881322,0.666314682941918,NA,0.00752647065812167,1.1,7837,0.0106667914572132,1.00066388098491
"ll.e[38]",-10.3666598023309,-8.50393684314962,-8.12662202252625,-8.80183696146927,0.791441094042401,NA,0.00989530255724791,1.3,6397,-0.015062384378632,1.00454756529514
"ll.e[39]",50.1317897305351,51.8429307045889,52.2907723310327,51.5760813635777,0.700408798747745,NA,0.00821220871405434,1.2,7274,0.0152318668685135,1.00048013702378
"ll.e[40]",2.74681355621243,4.20394677222161,4.41834401920102,3.96788402623698,0.605035902076121,NA,0.00675940755366945,1.1,8012,0.00869896460003543,1.000640646953
"ll.e[41]",6.68625233638441,8.2896135811166,8.62044372664803,8.04509484656761,0.664205990600719,NA,0.00775771630347202,1.2,7331,-0.00155710404381332,1.00042628794472
"ll.e[42]",9.19170352008645,10.8898368925204,11.1298927698546,10.6258988398947,0.680940552195719,NA,0.00778205938706231,1.1,7656,0.000459960325729158,1.00109282637128
"ll.e[43]",0.285012198919516,1.72602628745957,2.0092481464357,1.48938866555099,0.628719315455141,NA,0.00732704613745318,1.2,7363,0.0090689791704989,1.00025107224471
"ll.e[44]",17.7297798184955,19.5007278136311,19.7601180016077,19.2078961100035,0.746672998751963,NA,0.00818190587280177,1.1,8328,0.00383821104468716,1.0053862776142
"ll.e[45]",13.5449429639732,15.122291198753,15.3379868211243,14.8692356007279,0.655835316715579,NA,0.0073883393769504,1.1,7879,-0.0232163152358603,0.999950256749189
"ll.e[46]",-7.58978909217486,-5.88373916723906,-5.65153688104308,-6.15242493874581,0.692616740480476,NA,0.00825739439813939,1.2,7036,0.000829581127686126,1.00025659556697
"ll.e[47]",6.38305494715847,7.9985478369201,8.29740771644504,7.74288624954487,0.671145431738321,NA,0.00784272613042771,1.2,7323,-0.00622011044572235,1.00120961924578
"ll.e[48]",183.665295389365,185.644525720424,186.451257933113,185.372829860805,0.83246195177068,NA,0.0157963996284918,1.9,2777,0.0358615643176476,1.01114036171616
"ll.e[49]",7.68152188669961,9.30261251825636,9.52870263752985,9.0404845803767,0.675169735735319,NA,0.00726527090703916,1.1,8636,-0.0111289175681213,0.999921903084483
"ll.e[50]",2.98620903742857,4.43695050913335,4.63209671550205,4.20079880128964,0.599543639345693,NA,0.00688284486510506,1.1,7588,-0.0218330273122191,1.00062541340728
"ll.e[51]",10.0406044796815,11.6463589095835,11.9623424411244,11.3967109482184,0.670386026342555,NA,0.00821927551013945,1.2,6652,0.0359088394311367,1.00127418965473
"ll.e[52]",-10.351064080019,-8.50538745356689,-8.21069370259421,-8.79852734919056,0.760734762518613,NA,0.0098266597281745,1.3,5993,0.0126577610261837,1.00019605296793
"ll.e[53]",0.441532190236587,1.84417825728168,2.03238900885289,1.61475413691621,0.588325931000754,NA,0.00671723579065434,1.1,7671,-0.0185528981256718,1.00013765951834
"ll.e[54]",103.767942268402,105.558275399894,105.893160218061,105.269444107702,0.751776471973468,NA,0.0083959267689916,1.1,8018,-0.0084331915893555,1.00084983624328
"ll.e[55]",74.3034300288204,75.9928896389753,76.2315543589954,75.7158234500708,0.712703325956412,NA,0.00798837938352727,1.1,7960,-0.00319238406223581,1.0007827048005
"ll.e[56]",10.8059360356109,12.4050354195637,12.6298297405432,12.1423208296984,0.682015504318893,NA,0.00776933741091163,1.1,7706,0.0130676092287982,1.00062394414092
"ll.e[57]",4.14799510944411,5.70459526622821,5.92700235258023,5.45446971255128,0.649567554765044,NA,0.00760166124940787,1.2,7302,-0.00591072829447594,0.99993247239829
"ll.e[58]",13.6486198814735,15.314644335681,15.5406460562451,15.0483920242793,0.693337993036577,NA,0.00798531006489913,1.2,7539,-0.0112682938996029,1.00032071316637
"ll.e[59]",-10.008108342463,-8.27192677358979,-7.9743291969979,-8.54614691755031,0.726905445018524,NA,0.00914671190530068,1.3,6316,-0.00155715916051283,1.00018844718644
"ll.e[60]",-7.68511711587933,-6.06559899370669,-5.80836243387987,-6.32085758371582,0.670428871099021,NA,0.00820599303851718,1.2,6675,-0.0099573077525518,1.00052255776034
"ll.e[61]",126.770474575148,128.675096736112,128.995151444687,128.365589756499,0.786056302752886,NA,0.00840130715893931,1.1,8754,0.00434052197553404,1.00064836888437
"ll.e[62]",-2.68361608121827,-1.38754141403035,-1.19828929113612,-1.5909608355816,0.536137317265559,NA,0.00709204263278122,1.3,5715,0.0121062336688534,1.00003294066704
"ll.e[63]",6.15558076984402,7.7289485833845,8.03512823756894,7.47814102020668,0.662546660312376,NA,0.00758235256307295,1.1,7635,0.00498144176387169,1.00076639545378
"ll.e[64]",-4.54309794353273,-2.89018231600707,-2.63968648669369,-3.15022182168475,0.663036011305295,NA,0.00775911025959992,1.2,7302,0.0049034366127775,1.00022672156534
"ll.e[65]",107.454984261279,109.353823412937,109.854258063315,109.063451877552,0.806337720675809,NA,0.0109436858147049,1.4,5429,0.0155187373718147,1.00192237229356
"ll.e[66]",-10.1534432769677,-8.42403666346796,-8.14701891723822,-8.69791843312204,0.697015742956542,NA,0.00808266535825183,1.2,7437,-0.00340598321183956,1.00659022368644
"ll.e[67]",0.178785720081013,1.70953874510103,1.96827863825918,1.4581351023893,0.656358045269305,NA,0.00767934731342013,1.2,7305,-0.00466225157934061,1.00153417537475
"ll.e[68]",14.5138873869928,16.1715260051976,16.5080679440738,15.9071075882729,0.703520017098175,NA,0.00852082755905694,1.2,6817,-0.00856767103260146,1.00167879800337
"ll.e[69]",29.1097807996139,30.7533179218461,31.0292010025831,30.4907824770439,0.695676585670105,NA,0.0079705910805166,1.1,7618,0.0029945265035498,1.00175307375626
"ll.e[70]",88.1136114987663,89.9004335149068,90.3220495222434,89.610356725602,0.756720859178797,NA,0.00868344454863255,1.1,7594,0.0081464719560413,1.00144661560506
"ll.e[71]",9.38127545012779,10.9572724199324,11.2217345997426,10.7089458802984,0.644397501226545,NA,0.00727449318831805,1.1,7847,0.00762949120621361,1.00158752046655
"ll.e[72]",-2.64864141374488,-1.20674443570409,-0.987940408077952,-1.43759655055151,0.579799071820582,NA,0.0076613123531492,1.3,5727,0.00187698075899714,1.00212691890299
"ll.e[73]",-8.50836869049208,-6.646109340736,-6.34172671123468,-6.9393342656544,0.763008503296136,NA,0.00945267140791182,1.2,6516,0.0138653756551426,0.999926075926752
"ll.e[74]",-7.91972252900056,-6.27283571020073,-6.04885316575495,-6.5362537992492,0.682789184536688,NA,0.00796556543999385,1.2,7348,0.00848173265706122,1.00168999968752
"ll.e[75]",-9.02173418519875,-7.25175184234956,-6.98251141935889,-7.53606805462364,0.73415818318558,NA,0.00884036115182659,1.2,6897,0.00170393778357758,1.00092641624606
"ll.e[76]",-9.98500428192354,-8.01759026446071,-7.74070059013142,-8.33218762241111,0.796109113699466,NA,0.00992937847671738,1.2,6428,0.00362205775291886,1.00021689798056
"ll.e[77]",-9.70224732570881,-7.84295106765732,-7.56615913503038,-8.14100859745146,0.76691595757052,NA,0.00944153361539198,1.2,6598,0.0215097953472631,1.00003886799815
"ll.e[78]",-9.98564635462579,-8.31564284597119,-8.0468381082546,-8.57749769142862,0.688071101839094,NA,0.00828266755872677,1.2,6901,-0.00118402255016477,1.00010587764971
"ll.e[79]",1.31475551063809,2.82008702003988,3.17264212344879,2.58258331333601,0.62506885018367,NA,0.00737096959776357,1.2,7191,-0.00069659113251121,1.00384513069673
"ll.e[80]",-9.71273935360112,-8.06603529933858,-7.76442324017956,-8.33193276635421,0.674898760804391,NA,0.00845666813621749,1.3,6369,0.00824387902212152,1.00044405127353
"ll.e[81]",-8.82693291051726,-7.1956904380442,-6.87801750480628,-7.45689203048228,0.694706248039099,NA,0.00839081249873184,1.2,6855,-0.0126233766086469,1.0000600866919
"ll.e[82]",-5.77453517015471,-4.14277159343901,-3.81943401455606,-4.40298570461762,0.677518302219197,NA,0.00809789993475111,1.2,7000,0.0162328193895971,0.999931056804602
"ll.e[83]",15.975955915072,17.6210131005798,17.9261487163971,17.3586393088599,0.679002296657568,NA,0.00795810353548452,1.2,7280,-0.00284471501915244,1.00208332932816
"ll.e[84]",-2.76245610098192,-1.15876200508391,-0.89358764727996,-1.41054725081254,0.654583890695449,NA,0.00785252885269559,1.2,6949,-0.0026115699434272,1.00001626130769
"ll.e[85]",-6.58904619030538,-4.05258819153287,-3.34595843219243,-4.39909404313852,1.09546679728706,NA,0.0142239242841128,1.3,5931,-0.0212999373761369,1.00047850589594
"ll.e[86]",7.62080699508424,9.33030676114023,9.5676775951397,9.06146842092356,0.692275467247794,NA,0.00749777686159484,1.1,8525,0.0133813412398898,1.00018296230828
"ll.e[87]",-7.93445673080804,-6.28288324704623,-6.05386574161357,-6.53824771125954,0.673797757211079,NA,0.0082365305073403,1.2,6692,-0.00762368924118914,1.0039558647349
"ll.e[88]",32.8054616046182,35.2448901979079,35.6821541511498,34.8744671136926,0.996401328236979,NA,0.0105290718282754,1.1,8955,-0.00990935007306695,1.00027115228697
"ll.e[89]",50.7699035059955,52.5007090246291,52.7792876444262,52.2230915346791,0.727460175620224,NA,0.00836667555720762,1.2,7560,-0.0171810242255221,1.00085820299159
"ll.e[90]",-3.88414141957058,-2.4494169584531,-2.2302239990985,-2.68498764836423,0.601605457807194,NA,0.00752329408266289,1.3,6395,-0.0120367190099274,1.00016200271216
"ll.e[91]",16.0364605127303,17.6209292671187,17.9593856916368,17.3730571849817,0.665288513725337,NA,0.00780030661717469,1.2,7274,0.0176115526658927,1.00086263336923
"ll.e[92]",30.1970355752712,31.7966741562878,32.1202443295355,31.5381989742758,0.688439694483752,NA,0.00810522047563226,1.2,7214,0.00740879228856505,1.0018398408216
"ll.e[93]",-2.65712959411882,-1.02750150900468,-0.719789063175169,-1.28683892332672,0.688569669032808,NA,0.00818589330343198,1.2,7076,-0.0110092484150167,0.999985750003849
"ll.e[94]",-11.1521081118272,-9.34351373091127,-9.06877742521149,-9.63608009226219,0.756348259618486,NA,0.00941431773945944,1.2,6455,-0.00112696130116672,1.00018841382788
"ll.e[95]",1.55174356603866,3.019717555163,3.23124600192766,2.78775220665166,0.601450727293347,NA,0.00682116793239858,1.1,7775,0.00235484072149725,1.00042274838043
"ll.e[96]",3.31137957244386,4.89394541400474,5.14777669756436,4.63945400498242,0.659710847723349,NA,0.0076372630076457,1.2,7462,-0.00175960131343863,1.00148043734726
"ll.e[97]",2.54659361458939,4.06656610845289,4.36961562520578,3.82959906507123,0.636668294472032,NA,0.00729872302930873,1.1,7609,-0.00268231422791293,1.00188474001865
"ll.e[98]",-4.24254852476951,-1.54551458648381,-0.038587295649656,-1.82560270618957,1.25327723328313,NA,0.0170925805581539,1.4,5376,-0.000238968509366513,1.00000102294384
"ll.e[99]",5.22858723067736,6.85687018040413,7.32624347759061,6.61944639668393,0.668710527907866,NA,0.0091163595787615,1.4,5381,0.0218749159710001,1.00096972906849
"ll.e[100]",12.1186942232209,13.7901928520476,14.0067653771246,13.5135669089024,0.704107774493193,NA,0.0083433157219816,1.2,7122,0.0141324912070819,1.00030842964464
"ll.e[101]",-0.859195048346169,0.699166838589568,1.02301605981032,0.460155674225867,0.636674797564675,NA,0.00739248431796428,1.2,7417,0.0203063577574617,1.00076806246087
"ll.e[102]",18.1358615629426,19.7311918729683,20.158450746623,19.4937253401667,0.662837112051457,NA,0.00754949658080858,1.1,7709,0.00493795545792445,1.00164935688729
"ll.e[103]",-0.519084627965678,1.04968266415183,1.28873388623146,0.796717221981004,0.655371187528503,NA,0.00757963766989419,1.2,7476,0.0105595225839684,0.999905522645812
"ll.e[104]",-4.75834412122265,-3.18430319985285,-2.92600839740628,-3.43775935117906,0.666090479753898,NA,0.00781152143711441,1.2,7271,0.00640250940006773,1.00533426635323
"ll.e[105]",-2.6396187765567,-1.08236402018975,-0.821924618254743,-1.33419221003406,0.655914399025457,NA,0.00762707793742268,1.2,7396,-0.0192717265219568,1.00111472413768
"ll.e[106]",-9.48772639523059,-7.77211486900092,-7.47780480081856,-8.05108945944452,0.721946347451659,NA,0.008820367986623,1.2,6699,0.00278972921809266,1.00280640927012
"ll.e[107]",-10.6740129931103,-8.88396921013767,-8.62856207657559,-9.17172758930413,0.737744299764899,NA,0.00899345955777406,1.2,6729,0.0111715691387585,0.999948785472126
"ll.e[108]",-8.20208099615805,-6.09248704849829,-5.72417486093853,-6.43051305116026,0.889381667972912,NA,0.0111995939593218,1.3,6306,-0.0187697599779264,1.00081711529025
"ll.e[109]",18.977286049675,20.6615775712465,20.988211654725,20.3884708907863,0.710891918228731,NA,0.00874782477868504,1.2,6604,0.00451589454972426,1.00003168204883
"ll.e[110]",29.5070793644994,31.2176391327811,31.4870039809033,30.9465542543275,0.706349622040764,NA,0.00802765127862064,1.1,7742,-0.0108441129342227,1.00012957681844
"ll.e[111]",72.8485660707931,74.768240127488,75.0970361110591,74.4655811220602,0.791578964536403,NA,0.00846099437194562,1.1,8753,0.00767643880317225,0.999982022577868
"ll.e[112]",-6.82771723393331,-5.1945798083599,-4.93906568572032,-5.45904970403052,0.67705771979165,NA,0.00828866422382793,1.2,6672,0.0154297712727968,1.00083504520337
"ll.e[113]",-7.71326574049698,-6.07504357740818,-5.77703096628908,-6.34126203797283,0.687055474459707,NA,0.00850746550202992,1.2,6522,0.0212351632838792,1.00016416995665
"ll.e[114]",9.30532390213478,10.8652350729595,11.1980512910556,10.617153694631,0.665248404457023,NA,0.00767618795476435,1.2,7511,0.0118703818747121,1.00020937538062
"ll.e[115]",7.11844127797909,8.68180224774015,8.9363551224578,8.43444959726176,0.650199464368532,NA,0.00704879462619122,1.1,8509,0.0109888824344876,1.00014201225319
"ll.e[116]",24.1364577607742,25.8145453871683,26.0715426394556,25.5388944191804,0.717246658224867,NA,0.00819873863476965,1.1,7653,0.0083400786648163,1.00237166114068
"ll.e[117]",8.89893891595123,10.5791284720836,10.8009295823287,10.3090130565992,0.689082532526141,NA,0.00761614862590222,1.1,8186,-0.00128419796198199,0.999944878065277
"ll.e[118]",-0.955923445963404,0.656121725866126,0.963332514990562,0.404520827504748,0.660578509188314,NA,0.00770719568210712,1.2,7346,0.00225267007957101,1.00183712254877
"ll.e[119]",-1.84985716458513,-0.469690540709512,-0.259269715096058,-0.687307848783437,0.569531227509964,NA,0.00660794461206692,1.2,7429,-0.00657487289425775,0.999972995137613
"ll.e[120]",33.9003176832601,35.617616301778,35.925867342184,35.3380263474973,0.726126065885235,NA,0.0085843550727813,1.2,7155,-0.00114303773258282,1.00184537691024
"ll.e[121]",78.0181172515237,79.7391059659908,79.9867810718079,79.4637637950072,0.712213367658785,NA,0.0080757234680373,1.1,7778,-0.0250999294856846,1.00175591279729
"ll.e[122]",-9.82598600384036,-7.79630922974775,-7.4380132823513,-8.11531898988965,0.848913626585989,NA,0.0107017750204058,1.3,6292,0.0151925983665494,1.00108135592979
"ll.e[123]",25.665450787571,27.2648865426849,27.5413107839608,27.0086716293804,0.664859444817406,NA,0.00765272979074244,1.2,7548,0.00944269114617122,1.00040938506671
"ll.e[124]",37.2685972970724,38.970549664816,39.3326010161296,38.7046941720675,0.699198562672378,NA,0.00825466875393032,1.2,7175,0.00870934230567488,1.00049306951636
"ll.e[125]",104.35829742141,106.191554525844,106.506634333108,105.89768876433,0.763748344477734,NA,0.00859966463647659,1.1,7887,0.0140661665007088,1.00020593500161
"ll.e[126]",10.7644260176806,12.4383247811903,12.66784449876,12.1701613807499,0.680686820434935,NA,0.00750293107232558,1.1,8231,-0.00431529849587698,1.00133222934281
"ll.e[127]",-4.08650742682529,-2.51888422824806,-2.29282716584169,-2.76840227425233,0.643090504670895,NA,0.00738082759131774,1.1,7592,-0.0119849191782017,0.999961093722655
"ll.e[128]",69.8066910210659,71.7224198817155,72.0302923903854,71.4038166171243,0.815697636620793,NA,0.00873144703112547,1.1,8727,-0.012002340683817,1.00032402897243
"ll.e[129]",0.539253757865913,1.92224842713953,2.12157610952429,1.6977500726193,0.590349185470153,NA,0.00722799698212862,1.2,6671,0.00514510552501174,1.00120303292635
"ll.e[130]",-6.32760946259286,-3.74691990463362,-3.08719047455813,-4.08979235919965,1.09666921116031,NA,0.0135876828674314,1.2,6514,0.000651771346965586,1.00056126061409
"ll.e[131]",4.14429613886478,5.77084827852997,6.04646659387182,5.50515282902727,0.681202291253448,NA,0.00780965669448741,1.1,7608,0.0149603141892805,1.00002414606231
"ll.e[132]",9.67119205438708,11.2591890769662,11.6344590313283,11.0053897222171,0.660084196015863,NA,0.00807551639475949,1.2,6681,-0.00994922479141219,1.00246107233619
"ll.e[133]",33.0786146088451,34.7339924437135,34.9868653225154,34.4674977031271,0.689449241229842,NA,0.00804760567775804,1.2,7340,0.0132960138579531,1.00047830445509
"ll.e[134]",-2.29574041321621,-0.833258691180478,-0.616048606749566,-1.06776182813718,0.601939920012422,NA,0.00717348800010254,1.2,7041,-0.00315349235438651,1.0031554789886
"ll.e[135]",-8.53984277295314,-6.35401356480789,-5.99023238610168,-6.70008587478811,0.913371719378763,NA,0.0113472163312537,1.2,6479,-0.00842320246429693,1.00100692956204
"ll.e[136]",-4.73727767446058,-3.14917163192698,-2.83648643866401,-3.40444202616763,0.662518416899328,NA,0.0077206547345842,1.2,7364,-0.00633229896164013,1.00013841864478
"ll.e[137]",-7.4589455662567,-5.77238734508169,-5.52734620470373,-6.04373807479303,0.708717744935127,NA,0.00852920163328251,1.2,6904,0.00474142797561064,1.00287712587194
"ll.e[138]",10.6207459938934,12.2916984762339,12.5169145349895,12.0282367988722,0.691321252530195,NA,0.00778453963196276,1.1,7887,-0.00180070700871021,0.999989270153761
"ll.e[139]",-7.39727097720352,-5.75911540979343,-5.53250706615471,-6.01842474266729,0.691806586217598,NA,0.00896996225373558,1.3,5948,0.0193597877092627,1.00131040938183
"ll.e[140]",19.8476743542255,21.503706275823,21.7286163010406,21.2388108313368,0.693987823171297,NA,0.00827230323270401,1.2,7038,-0.010010414730567,1.0004930917631
"ll.e[141]",-9.54799810493893,-7.898623424516,-7.67520723518208,-8.16261123813394,0.681162533792538,NA,0.00814285368059142,1.2,6998,0.00947515376167442,1.00133747836238
"ll.e[142]",46.9664391048224,48.7652366051424,49.1632866076087,48.4844314559952,0.733497779750088,NA,0.0081309402103412,1.1,8138,0.00462036508992902,1.00024960629109
"ll.e[143]",102.021091702934,103.905764903859,104.318982705658,103.61501075243,0.788787678566634,NA,0.008774111316268,1.1,8082,-0.00491006462371125,1.00078510311131
"ll.e[144]",-9.32057321238406,-7.59404558626386,-7.29088520478065,-7.87000706865974,0.725986137911847,NA,0.00873591137254382,1.2,6906,0.0103628533003199,1.00013967108441
"ll.e[145]",27.9375126301429,30.2119491142704,30.6533992083643,29.8602531677758,0.961772559922943,NA,0.00998156347420166,1,9284,-0.010686768049965,1.00095653816068
"ll.e[146]",-7.89334633854922,-6.23325487246713,-6.0033599609089,-6.49878534771539,0.684395555876866,NA,0.00791893170245429,1.2,7469,-0.00519048128373285,1.00743244990168
"ll.e[147]",59.6995455960258,61.4916136368605,61.7832958339035,61.202555301195,0.741471824561709,NA,0.00834433934999362,1.1,7896,0.00289118644022162,0.999913014370937
"ll.e[148]",4.72019063593606,6.26769986104538,6.6816470789261,6.02644310648763,0.656025675026661,NA,0.00789287091098156,1.2,6908,-0.0112253786396521,1.00222616927132
"ll.e[149]",11.2099853177053,12.7204976399871,13.0947321849916,12.4755658020325,0.653702269574122,NA,0.00747435593784724,1.1,7649,-0.00552941590629815,1.00249844276618
"ll.e[150]",-3.23475334182617,-1.67127366079301,-1.41509107537832,-1.92570662458455,0.656813627039097,NA,0.00768651792422578,1.2,7302,-0.0166111170553485,1.00003160741794
"ll.e[151]",-3.48092880356348,-2.00092105280853,-1.80206346130775,-2.23977519567199,0.615772863749351,NA,0.00778728649201402,1.3,6253,0.00790302953437202,1.00004983018903
"ll.e[152]",-7.02607898021942,-4.95569982817483,-4.61631612047942,-5.27794800269904,0.84343351336712,NA,0.0104423460733832,1.2,6524,0.0104935437047784,1.00099259265929
"ll.e[153]",-0.572771252548561,1.16451101113294,1.45239255820466,0.887806564591611,0.710579271414933,NA,0.00783048247534307,1.1,8235,0.0177433648235415,0.999901499324844
"ll.e[154]",-7.03566572399291,-5.48098511089843,-5.27025624379101,-5.7342397698588,0.662643443682522,NA,0.00800086065108219,1.2,6859,0.00771751082754517,1.00036475529647
"ll.e[155]",-6.72351793733605,-4.73163735900338,-4.40119795361953,-5.0410702675906,0.818587076343424,NA,0.0108384776647716,1.3,5704,-0.0203519808949196,1.0012402514747
"ll.e[156]",-2.78232090571387,-1.22130402943436,-0.770263451502401,-1.4466708057701,0.647383713517899,NA,0.00902226863128707,1.4,5149,0.0135976149164897,1.00232547575417
"ll.e[157]",-7.79325872523388,-6.30193419565222,-6.00322300741648,-6.53793712000089,0.616823478761395,NA,0.00866518674848903,1.4,5067,0.0390920948311975,1.00270927525433
"ll.e[158]",-6.4132009220526,-4.9517496065573,-4.76010644355195,-5.18586863119706,0.602763412188481,NA,0.00687332548137441,1.1,7691,0.00710105260874713,1.00225273390895
"ll.e[159]",-5.64738117936317,-4.21261339103238,-4.00474868877036,-4.45040983113481,0.603032388305912,NA,0.0072212307695677,1.2,6974,-0.00237205179128864,1.0002389357269
"ll.e[160]",-7.78840018641017,-6.23292010333975,-5.62981153647738,-6.45053670075393,0.661761782162008,NA,0.0102880726311013,1.6,4137,0.040356956261557,1.00275432232501
"ll.e[161]",-4.69568488775711,-3.11304970469386,-2.89201442761963,-3.36625400129587,0.661105498263095,NA,0.00741351140471796,1.1,7952,0.00477176454235065,0.999982074211782
"ll.e[162]",-8.92360427696543,-7.39967999074711,-6.88444045893338,-7.60402062867473,0.615716142582145,NA,0.0107836708280402,1.8,3260,0.0451607237254885,1.00154485765972
"ll.e[163]",-8.20029475323545,-6.67290732539351,-6.35177452917444,-6.91481685668458,0.636254333773202,NA,0.00820627770986561,1.3,6011,-0.00968760578160825,1.00397018216378
"ll.e[164]",-1.82928509192382,-0.220578456835249,0.143741667627686,-0.466721638424369,0.684348604745286,NA,0.00800409720028889,1.2,7310,0.0105104262690572,1.0004806349711
"ll.e[165]",-4.20757665349887,-1.51571350377514,-0.0452444941065068,-1.78375502950403,1.23193653187327,NA,0.0163013581619699,1.3,5711,-0.00664818369512682,1.00019452120766
"ll.e[166]",6.99469003514504,8.71118254166126,9.12890665696143,8.44286414928716,0.746210518529924,NA,0.00818703844725132,1.1,8307,-0.00562125452169623,1.00132403939426
"ll.e[167]",-4.5412051121766,-3.04734778542981,-2.77406821595092,-3.28986701241537,0.640022513781064,NA,0.00751942461365325,1.2,7245,0.0227370244944819,1.00276929385823
"ll.e[168]",4.46511540716704,6.2809241304634,6.69358415936533,5.99832186100711,0.748717189201382,NA,0.00926931703290434,1.2,6524,0.0210787113592086,1.00199982392912
"ll.e[169]",-8.11991260326147,-6.65033959463857,-6.38070154737489,-6.88279465149212,0.595962757661773,NA,0.00729576489105358,1.2,6673,-0.00380694550165882,1.00229244556957
"ll.e[170]",-1.33437017992566,0.227628186592218,0.534434980857291,-0.0240910083585476,0.656942865708409,NA,0.00759300931046283,1.2,7486,-0.00796372376190662,1.00125595227237
"ll.e[171]",-7.47451500541086,-5.73722392871368,-5.47871172975594,-6.02102484206278,0.725344840528968,NA,0.0092153458168825,1.3,6195,0.0187734459098991,1.00039548244227
"ll.e[172]",-7.56722665390338,-6.01172619693375,-5.75018389773035,-6.26138058446772,0.652377202408582,NA,0.00786599810493909,1.2,6878,0.0103062593918608,1.00050931144652
"ll.e[173]",-8.436114426163,-6.9744897459301,-6.74200685574299,-7.20632479113863,0.623898572681876,NA,0.00753393435169552,1.2,6858,-0.0107675854670761,1.0026231186805
"ll.e[174]",-0.0263276860899741,1.63137294836015,2.21641046104282,1.41977859924544,0.684919702557869,NA,0.0190738805472562,2.8,1289,0.0789223135871134,1.00538076115517
"ll.e[175]",-7.76045205361505,-6.26551245457608,-6.0394200065838,-6.49920779363646,0.60947158666998,NA,0.00683609568276424,1.1,7949,0.014908643674339,1.00011245165617
"ll.e[176]",-4.09483628135103,-2.58751507325939,-2.26487284150832,-2.82038499470478,0.640472860026251,NA,0.00750442721501343,1.2,7284,0.0125883069568717,1.00137756238574
"ll.e[177]",-7.48214817333284,-5.88368900273773,-5.62698904175492,-6.14448981081146,0.673604530501923,NA,0.00844461013230949,1.3,6363,-0.00811274384906991,1.00523703686511
"ll.e[178]",1.93024871402478,3.6294064482554,3.923942985279,3.36011439070957,0.703528366749442,NA,0.00755137259751916,1.1,8680,0.00290458206367213,1.00026992233975
"ll.e[179]",-8.43499534686635,-7.0201512950847,-6.79201251316895,-7.24786345764882,0.602860844870289,NA,0.00723147985127365,1.2,6950,-0.0125556568751605,1.00664699619445
"ll.e[180]",-2.14055738414188,-0.547894275874447,-0.325685346138643,-0.797037551976372,0.656268286224305,NA,0.00730266970102186,1.1,8076,0.00676521587562573,1.00122351910666
"ll.e[181]",-2.45254166738183,-0.821609992814412,-0.575908322880016,-1.08236291062169,0.683052887138103,NA,0.00761593052370885,1.1,8044,0.00586722297095777,1.00350447173042
"ll.e[182]",-7.48902330761582,-5.22373746109867,-4.8106414604512,-5.57725144121168,0.9567166004821,NA,0.0124305133900473,1.3,5924,-0.00712487405886774,1.00126301145391
"ll.e[183]",-6.1885216851686,-4.76465168453643,-4.47307269590467,-4.99258247731583,0.611100760453429,NA,0.00728944144156758,1.2,7028,0.0151466221064991,1.00399954232527
"ll.e[184]",-0.316498852239593,1.32938301319629,1.57915738662359,1.06871361387606,0.674596651399667,NA,0.00756798929268079,1.1,7946,0.0109928195728551,1.00181768612771
"ll.e[185]",-7.06808841843469,-5.6179867338843,-5.31088449780303,-5.8462600075963,0.612367231944102,NA,0.00770217191354849,1.3,6321,0.012443423663881,1.00174073111387
"ll.e[186]",-3.10269753225787,-1.36265727020229,-0.633142294766626,-1.59591233937426,0.7304261782182,NA,0.0154194424092673,2.1,2244,0.0469707292782041,1.00434721725985
"ll.e[187]",-2.88200578982425,-1.79311191416974,-1.63636581162988,-1.96869725799036,0.452799738409413,NA,0.00614977703984982,1.4,5421,0.0127247883073023,1.00129034855976
"ll.e[188]",-3.38677198641111,-1.99562365722051,-1.80191064616637,-2.21814180864137,0.573521874073563,NA,0.00693236723999785,1.2,6844,-0.00125778759106936,1.0003740755209
"ll.e[189]",-3.35222466538227,-1.81839803206183,-1.39348109940891,-2.03103990148878,0.641833536524839,NA,0.007975885580791,1.2,6476,0.023736620318419,1.00807317488542
"ll.e[190]",5.55113664641364,7.24634785694652,7.67748976669476,6.98262675662405,0.709683993689718,NA,0.00825289207252616,1.2,7395,-0.00581343720275896,1.00017559715063
"ll.e[191]",-7.26214940772569,-5.31588559156635,-4.85507444118323,-5.62113468871954,0.803280306300526,NA,0.0103207233814638,1.3,6058,0.0160201827446509,1.0017127069334
"ll.e[192]",-5.00280427808359,-3.48464427697825,-3.19403637920727,-3.73084853259495,0.635665878630823,NA,0.00753537659269011,1.2,7116,-0.0118409186204646,1.00031510709655
"ll.e[193]",-6.87198844798224,-5.30920657594641,-4.90383001715534,-5.54789138066744,0.652845818103034,NA,0.00767419435433979,1.2,7237,0.0151382303468837,1.00248374435891
"ll.e[194]",-2.31871472505624,-0.825431372179539,-0.0274150271040926,-0.971464259297102,0.671171840435628,NA,0.00929477831706524,1.4,5214,-0.00265825193465717,1.00030463858736
"ll.e[195]",-3.66815642043109,-2.17058512582346,-1.93733595502865,-2.40337925568648,0.613977071104003,NA,0.0077051149933498,1.3,6350,-0.0229196685696561,1.00032397160305
"ll.e[196]",24.7020499669259,26.6654692122152,26.9824525680307,26.3502265528293,0.827517504920112,NA,0.00914646780589501,1.1,8186,-0.00221352990935151,0.99998027959549
"ll.e[197]",-7.94599358739613,-6.49643076684585,-6.29889132268056,-6.72530450573328,0.582774098384732,NA,0.00687838498258681,1.2,7178,-0.00612068834926873,1.00011639891786
"ll.e[198]",-5.98547236444357,-3.47868228609216,-2.84225142056728,-3.82823404748315,1.06496187229982,NA,0.014109929924823,1.3,5697,-0.0265284307947498,1.00062969008637
"ll.e[199]",-9.91714243183589,-8.16566306453744,-7.71518113719277,-8.42782342896925,0.709105650345595,NA,0.00937056644655119,1.3,5727,0.00948517973102583,1.00034052070435
"ll.e[200]",-4.2389703364886,-2.62587824843282,-2.05739026840807,-2.85293674368181,0.679664654223883,NA,0.0110989619182987,1.6,3750,0.0176454617268675,1.00169435175878
"ll.e[201]",-9.81171135304652,-8.0081879646448,-7.66626524341625,-8.29007692444307,0.74724771216302,NA,0.00842390122265359,1.1,7869,0.01300184876382,1.00064409426351
"ll.e[202]",0.123576341178721,1.88228932025604,2.30078370421938,1.61398332761954,0.730030772472569,NA,0.00814901939961733,1.1,8025,0.009662585290783,1.00089609478237
"ll.e[203]",-6.34901939058946,-4.89718301730804,-4.67685380008013,-5.13018215916406,0.599336313610182,NA,0.00732967569352472,1.2,6686,0.0135606461507083,1.00082129947222
"ll.e[204]",-3.24156998379583,-1.77644812974068,-1.57373901704437,-2.00640578373571,0.613866141361133,NA,0.00670598338799338,1.1,8380,-0.0131711245190509,1.00027040615183
"ll.e[205]",-3.95863227148753,-2.31023813110746,-2.08134132021255,-2.57961330165551,0.699544761068339,NA,0.00777072829920628,1.1,8104,0.0112798634752891,1.00555196331374
"ll.e[206]",-5.69027407392858,-4.20713065969301,-3.97560753852687,-4.44559178798503,0.621400113907896,NA,0.00716827158264332,1.2,7515,-0.000379465894013649,0.99996955798384
"ll.e[207]",-7.89666540582298,-6.33414838470044,-6.06966456230153,-6.58884646701735,0.668870708579944,NA,0.00853549487054226,1.3,6141,0.0146327050774027,1.00518949691272
"ll.e[208]",-5.48159513565639,-3.26166939669594,-2.76478072037903,-3.58025438223974,0.928151569657527,NA,0.0114094721721847,1.2,6618,-0.00364465451802624,1.00015279498717
"ll.e[209]",-8.43115328584396,-6.98620803214801,-6.57386678198703,-7.20727666143229,0.602590423913566,NA,0.00701532239767471,1.2,7378,0.00530024144326174,1.00192170853956
"ll.e[210]",-5.91802546047856,-4.35780930762164,-4.01814473587921,-4.60136497381903,0.65391083898377,NA,0.00766678925997585,1.2,7275,-0.00562226958698241,1.00050277526537
"ll.e[211]",-8.14925826858916,-6.71174040804481,-6.52317488748461,-6.9447726136471,0.593134445384971,NA,0.0072050152988781,1.2,6777,-0.00419766224635522,1.000710765788
"ll.e[212]",-8.10395763134403,-6.6801845796752,-6.46967115547346,-6.90986358373571,0.590891206308876,NA,0.00718088482188228,1.2,6771,-0.00410433564519934,1.00024723948457
"ll.e[213]",-4.06115699902664,-3.16653485136891,-2.99230305149476,-3.31096549057782,0.367006767032894,NA,0.00436238057605282,1.2,7078,0.00586654244884173,1.00078309825566
"ll.e[214]",-2.24363326683113,-0.687301751919638,-0.309583723048526,-0.91737682718296,0.642771584966627,NA,0.00798497395694787,1.2,6480,-0.00330530197256532,1.00071961511115
"ll.e[215]",-3.8804036471101,-1.36411566796728,-0.0841561272945591,-1.62525358572942,1.13427861656142,NA,0.014708517105679,1.3,5947,0.0310892079249255,1.00156771046304
"ll.e[216]",-3.32857377792403,-1.2164935879959,-0.0362364237984457,-1.43215616975586,0.968010167221141,NA,0.0128417049065175,1.3,5682,0.00814643161542069,1.00209264076189
"ll.e[217]",-3.16515545799057,-2.27694668166328,-2.12583056419002,-2.41849506259274,0.367749206383366,NA,0.00403793079023075,1.1,8294,0.00649331018577154,1.00013441257387
"ll.e[218]",-6.16038731828093,-4.00984030789833,-3.43998665714649,-4.32548020969797,0.91803661134763,NA,0.0124415132924684,1.4,5445,0.00214036187436951,1.00055402291402
"ll.e[219]",-4.17576742053927,-3.08113844040506,-2.92974836919012,-3.25576531789756,0.454953101743921,NA,0.00469259458188739,1,9400,-0.0265188362179947,1.00169339114896
"ll.e[220]",46.9802355070177,49.1016221922066,49.4693879885991,48.7693021613948,0.873203207690129,NA,0.00992843633821861,1.1,7735,0.00273824029633006,1.00153812192523
"ll.e[221]",-7.75834386608927,-6.3099961212324,-6.05667627663531,-6.541732788999,0.606790627178257,NA,0.00756686725396669,1.2,6431,0.0108074687271704,1.00078246633536
"ll.e[222]",-7.25418601018938,-5.89171331358849,-5.70175157119795,-6.1049933547534,0.564746479929194,NA,0.00685380684690562,1.2,6790,-0.0126384437542131,1.00008717882198
"ll.e[223]",-4.58039934388824,-3.50599846457236,-3.30304949067023,-3.68021217916742,0.449339379847568,NA,0.00538904385564333,1.2,6952,-0.0162191792747104,1.00036147726728
"ll.e[224]",-5.70207590645535,-3.90869081373343,-3.57248233735628,-4.19928850437334,0.761511307404783,NA,0.00949232329447756,1.2,6436,0.00274277972795235,1.00053820238192
"ll.e[225]",-7.64348503803393,-5.82918205297297,-5.37052807143517,-6.09569546472611,0.71702325108042,NA,0.00901988117064794,1.3,6319,-0.00426111029183901,1.00039578728865
"ll.e[226]",-8.41997163928253,-6.90918646190813,-6.57408626736878,-7.14506337576854,0.627867790555362,NA,0.00758372345029676,1.2,6854,0.000304335406839515,1.00089854387689
"ll.e[227]",-8.25101118343606,-6.65444575588828,-6.2491263010277,-6.90230663717258,0.659432224768022,NA,0.00833743633330882,1.3,6256,0.00443665233715158,0.999950776855684
"ll.e[228]",-1.59574681345235,-0.59050195032114,-0.0229871381344937,-0.692690370303445,0.474080291102588,NA,0.00620438830732726,1.3,5839,-0.00273688037308377,1.00010284313391
"ll.e[229]",-6.99007993622653,-5.56123339779123,-5.28888768778714,-5.78628534133025,0.595396368915784,NA,0.00715973060066649,1.2,6915,0.017699520142341,1.00040520589381
"ll.e[230]",11.239040529061,13.3570217147848,13.9125497499879,13.0275695249632,0.875816237233545,NA,0.0107122810174172,1.2,6684,0.0251653047303898,1.00065160657979
"ll.e[231]",-9.32589535348142,-7.84752655786951,-7.42823474638253,-8.06941681378095,0.610630434942504,NA,0.0075591759515411,1.2,6525,0.00867644096385669,1.00239517284248
"ll.e[232]",-5.14687928520421,-3.12620252406503,-2.68270859611138,-3.42626405861318,0.842646260071947,NA,0.0102661934504079,1.2,6737,-0.00153605987577987,1.00005203180847
"ll.e[233]",-8.78487313016203,-7.22030807857317,-6.97363555078429,-7.46978341839405,0.632110650602761,NA,0.00748826893962932,1.2,7126,0.00458178905408271,1.00032528386817
"ll.e[234]",-7.61079619764364,-6.15084648444908,-5.91917396513971,-6.38519580553103,0.602503036046614,NA,0.00748333129596713,1.2,6482,0.0124324365529625,1.00009398622181
"ll.e[235]",14.707563770247,16.7674826143409,17.3985602584635,16.4653570652637,0.853786160110533,NA,0.0123739730823485,1.4,4761,0.0366493397478841,1.00038390545592
"ll.e[236]",-3.6645947455799,-2.13146003569746,-1.89677049541096,-2.37357293938944,0.627469929975456,NA,0.00676913441103597,1.1,8593,0.00585247961984654,0.999951352784246
"ll.e[237]",-8.72336051381521,-7.2294467902715,-6.96614374763321,-7.46265504218498,0.611700731377181,NA,0.00675497410643138,1.1,8200,-0.00465211457005439,1.00025919374058
"ll.e[238]",-6.92074522149308,-5.47456648949715,-5.26953468145198,-5.7048737678765,0.604104333827064,NA,0.00697159371984902,1.2,7509,-0.0031584261927817,0.999994786208599
"ll.e[239]",-4.77185255388653,-3.26066749272716,-3.00506713802042,-3.49931058528916,0.618027061290489,NA,0.0079204364687842,1.3,6089,0.00330157480171133,1.00143796780053
"ll.e[240]",-2.56123411839566,-1.27541069308379,-1.00724266573299,-1.482977307436,0.550806444280023,NA,0.00599158099521603,1.1,8451,0.00259653523877223,1.00030805784217
"ll.e[241]",-4.73759603072419,-3.13021182813754,-2.83052129662886,-3.37605885050332,0.656986523565077,NA,0.00730816079777921,1.1,8082,0.0127224521373821,1.00106029182559
"ll.e[242]",-7.65255303996939,-6.2021203863537,-5.81227333122301,-6.41547756813184,0.601474227438637,NA,0.00899837351066205,1.5,4468,0.0332797472757275,1.00160871870018
"ll.e[243]",-3.61857438523486,-2.37929410794246,-2.1142250340593,-2.57289612059106,0.504177795460926,NA,0.00520140394897887,1,9396,0.0243055714916809,1.00156932515147
"ll.e[244]",-6.40595159450862,-4.69590648236493,-4.4318856868262,-4.97813429687736,0.71988293050673,NA,0.00939401029728542,1.3,5872,0.00326252773605352,1.00012302196768
"ll.e[245]",-8.05328583039739,-6.64418616480094,-6.43093249445972,-6.87465706014747,0.595427167496747,NA,0.00726349122414811,1.2,6720,-0.0117075340746019,1.00025491511406
"ll.e[246]",-4.25475276473684,-3.34981723883237,-3.12052981661515,-3.48907183058208,0.378189625701855,NA,0.00410953011517861,1.1,8469,0.0252646143879885,1.00184782429768
"ll.e[247]",-10.2822200759996,-8.79360836389671,-8.40904850928065,-9.03399320665977,0.63758733367654,NA,0.00759896137865446,1.2,7040,-0.00994160458850196,1.00201703730283
"ll.e[248]",-3.99265655495128,-2.72585168227437,-2.41639363953152,-2.92162625570103,0.54131628479982,NA,0.00572997936129796,1.1,8925,0.0124625479320176,1.00032258092823
"ll.e[249]",-3.37138764386592,-2.27535497414095,-2.03195182526239,-2.44486503873748,0.458182980162506,NA,0.00498996888256294,1.1,8431,-0.00663440147529484,1.00293760339482
"ll.e[250]",-8.2749195085049,-6.74781578150442,-6.23753927744137,-6.97844185576798,0.646762636577101,NA,0.00906710711959504,1.4,5088,0.0205764092524591,1.0015951522279
"ll.e[251]",-8.47048085600342,-7.05061943329119,-6.82476208940858,-7.2808561534155,0.591286488936067,NA,0.00664781141424605,1.1,7911,-0.0045577641357708,1.00005133253383
"ll.e[252]",-6.87243808330799,-5.33860278185386,-5.07866647229586,-5.57755926945312,0.627466637145804,NA,0.00738348723118644,1.2,7222,0.00707340599917469,1.00053656457734
"ll.e[253]",-2.99096135841971,-1.91780178881378,-1.73599934444242,-2.08720741125403,0.432220569894401,NA,0.00556905412470747,1.3,6023,0.00446499957577426,1.00159604798707
"ll.e[254]",-1.58436919123854,0.0153050627629667,0.266973429812503,-0.248409581814477,0.685773841149055,NA,0.00785220196504569,1.1,7627,-0.00675985306774769,1.00001017986558
"ll.e[255]",-5.88393248431775,-4.36440569992428,-3.98244792887909,-4.58726538005995,0.624624887428639,NA,0.0071245269523901,1.1,7686,0.0110516981111011,1.00082365746427
"ll.e[256]",1.12726886002176,3.20075091555758,3.89768433468667,2.90412459272573,0.850271002138182,NA,0.0130712394845855,1.5,4231,0.0277781714908583,1.00156504884286
"ll.e[257]",-7.84360244371563,-6.39636657575437,-6.19770035044018,-6.62652377755467,0.60053934901691,NA,0.00692568787024432,1.2,7519,-0.0002313136799451,1.00036583360253
"ll.e[258]",-8.2294052227304,-6.72979631580356,-6.48443906714286,-6.9693013081061,0.630474538629593,NA,0.00713704899009365,1.1,7804,0.0110177778035916,1.00011906369518
"ll.e[259]",-8.47059646984741,-7.03108699603495,-6.74810637701509,-7.25077721798312,0.593590296968406,NA,0.00767400263093924,1.3,5983,0.00866558579494315,1.000718501157
"ll.e[260]",-6.42877283702266,-4.98264862334357,-4.46641373753864,-5.17984773906191,0.587198219884794,NA,0.0125281241434066,2.1,2197,0.0467244735772033,1.0022606320412
"ll.e[261]",6.9095979852881,8.82334264524931,9.12223376336194,8.52345450095738,0.776683026714969,NA,0.00816742941689245,1.1,9043,-0.00742582622572287,1.00040259514882
"ll.e[262]",-8.09912372072759,-6.73212225228766,-6.52300202845669,-6.95105842691666,0.568892241222139,NA,0.00673796659556437,1.2,7129,0.017498389152568,0.999965305117923
"ll.e[263]",-3.06077369800267,-1.4907002704631,-1.1654173792355,-1.72726942567979,0.63126089791898,NA,0.00722600134459433,1.1,7632,0.0140925695858333,1.00065922303128
"ll.e[264]",-8.46686218802291,-6.97655432307125,-6.78431111874297,-7.22071255720374,0.618231757620824,NA,0.00695508929287444,1.1,7901,-0.00741336070337446,0.999993274041762
"ll.e[265]",-7.0811495258423,-5.65202784285541,-5.37415097213535,-5.86921199142523,0.591730946891037,NA,0.00675968988765386,1.1,7663,0.00879938798695693,1.00083538182045
"ll.e[266]",-8.44953900459867,-7.06214456106198,-6.73321968523957,-7.27921374002678,0.578814661640217,NA,0.00675192182190618,1.2,7349,0.00106447247636739,1.00108806793984
"ll.e[267]",-6.12105455982347,-4.63481510003268,-4.36964593180148,-4.86853180409423,0.621258795787265,NA,0.00698381364888299,1.1,7913,-0.00749289339004458,1.00151527006919
"ll.e[268]",-3.1644286958311,-1.14705055636451,-0.0371873294117793,-1.34212491573129,0.912394105994061,NA,0.0119472508327181,1.3,5832,-0.00143052950529149,1.00051338090083
"ll.e[269]",-8.54654743271904,-7.13697667582302,-6.92266109461618,-7.37143855973335,0.602053690304051,NA,0.00708666340225896,1.2,7218,-0.00319196458631901,1.00179954365861
"ll.e[270]",-6.1555049402411,-4.60786629093881,-4.20580536398347,-4.84457203353532,0.643409659256607,NA,0.00726218266317723,1.1,7849,0.0274821446214847,1.00070095660842
"ll.e[271]",-8.93582506125846,-7.43855485072372,-7.19113971239796,-7.68118670262395,0.625580954186064,NA,0.00744198217306995,1.2,7066,0.00651361941481978,1.00015783570995
"ll.e[272]",-7.76625181848276,-6.22709109091136,-5.94987604287509,-6.46717998109124,0.63438695650563,NA,0.00785648843307223,1.2,6520,0.0217086082611297,1.00164480108428
"ll.e[273]",-9.64956645926746,-8.18634845860411,-7.96161498280856,-8.42481576311329,0.615266443989207,NA,0.00734460106607699,1.2,7018,-0.00315238119321938,1.00266687655376
"ll.e[274]",0.950507357113941,2.66366197251516,3.01155664232609,2.40346518997524,0.711783982515747,NA,0.00778600173218183,1.1,8357,-0.00460434054035806,1.00058693017611
"ll.e[275]",-8.42339270951367,-6.89441525404024,-6.57083372414457,-7.13629419029026,0.643002395210887,NA,0.00806238188447383,1.3,6361,0.00513558331641243,1.0006640216784
"ll.e[276]",-4.0942069084906,-2.4297600503323,-2.10739416774274,-2.69017350460414,0.686527123140232,NA,0.00717773079266483,1,9148,0.00434453193681123,1.00145116425716
"ll.e[277]",-4.85060542562108,-3.30603022451694,-2.92070830363089,-3.53724650301691,0.649454341047528,NA,0.00746121527479737,1.1,7577,0.0073218620175117,1.00045661624655
"ll.e[278]",-8.50891466587081,-7.03960857328924,-6.75281885776186,-7.27266844116733,0.624272848440577,NA,0.00780658230766498,1.3,6395,0.00161226362834062,1.00003226871194
"ll.e[279]",-8.78360042547944,-7.13107585245629,-6.86718777664674,-7.40471655666963,0.702159559362562,NA,0.00869037594775807,1.2,6528,-0.0077822008315334,1.00485403794007
"ll.e[280]",5.90894412128848,7.65367080762486,7.94373691730695,7.37806834406566,0.716965225108265,NA,0.00780522303860204,1.1,8438,4.65805053585892e-05,1.00005757544018
"ll.e[281]",-4.1266247344116,-1.50682450755549,-0.0664922171327428,-1.77132482856281,1.20760317669044,NA,0.0158477871429947,1.3,5806,-0.000710884093899522,1.00046050545285
"ll.e[282]",-6.99682636466454,-5.68037333826186,-5.45103150972775,-5.89472759445039,0.562110383558795,NA,0.00670912931731476,1.2,7020,0.00552723158412291,1.00001261414635
"ll.e[283]",1.65464499820843,3.20334891682847,3.42566845103735,2.95814786539596,0.63258692144481,NA,0.00720827005967849,1.1,7702,-0.00122702674080435,1.00056454696548
"ll.e[284]",-9.54953395912129,-7.90131959739605,-7.55090768332588,-8.16273496102371,0.678740104455589,NA,0.00835327468738741,1.2,6602,0.00271658544511545,0.999989704080337
"ll.e[285]",24.8924433059256,26.7033576116202,27.1662720279298,26.4120970662779,0.767793645014031,NA,0.0090339064414572,1.2,7223,0.00184549483809778,1.00136886456829
"ll.e[286]",-10.3017449735761,-8.8143210858931,-8.36598166460183,-9.02957003225209,0.597990541670208,NA,0.0081341089162374,1.4,5405,0.0113353562118102,1.00105121905685
"ll.e[287]",-5.45068949963715,-3.88529940284685,-3.55549829893129,-4.12595138004454,0.651761508152494,NA,0.00745847066741855,1.1,7636,-0.00585091406055809,1.00017640944923
"ll.e[288]",-9.6697599362918,-8.20848677566825,-7.86501123089342,-8.43328754088842,0.60244226196047,NA,0.00714010310996179,1.2,7119,0.00561988791925461,1.00072903239849
"ll.e[289]",-8.42730222938839,-6.96867351183378,-6.77594190706233,-7.2049763971658,0.611036239800929,NA,0.0069894403386264,1.1,7643,-0.0110702134299577,1.00024753029119
"ll.e[290]",-2.63226011573627,-0.936580691334715,-0.0366829669938507,-1.11559242589493,0.76617380496841,NA,0.0099999608418201,1.3,5870,-0.00965014945409298,1.00061707684483
"ll.e[291]",-9.46374750628205,-7.97815768112988,-7.63054129978604,-8.20782001385593,0.611074531600348,NA,0.00732203285230524,1.2,6965,-0.00917625666403513,1.00132312531748
"ll.e[292]",-4.78014118731543,-3.12796740138454,-2.86804234991087,-3.39629662139745,0.69574360936878,NA,0.00754964367775662,1.1,8493,0.00836788475961285,1.00241498361837
"ll.e[293]",-7.83840164024425,-6.18890716373428,-5.64744234566431,-6.42341335794891,0.674093183448364,NA,0.010350677210056,1.5,4241,0.0298405472462948,1.00161004847907
"ll.e[294]",-9.1363718447305,-7.1617492588352,-6.83129486783379,-7.46733908669722,0.793870750285615,NA,0.0095345664671539,1.2,6933,0.0126897179254587,1.00106328161116
"ll.e[295]",-0.825677806124269,0.949990068607584,1.36756027377114,0.674335953194789,0.742020177419595,NA,0.00831102711168659,1.1,7971,-0.00633332576200988,1.00259725424559
"ll.e[296]",-5.84067785151614,-3.57976007159022,-3.05675899390625,-3.90798338531082,0.949762773538011,NA,0.0120211809478497,1.3,6242,0.0023876409780884,1.0033007472482
"ll.e[297]",-11.2955830358313,-9.83724553329397,-9.23363745941607,-10.0334795840864,0.612331361388525,NA,0.0117569585310316,1.9,2713,0.0548415052160648,1.00234663307828
"ll.e[298]",-8.98786093368401,-7.14675504422062,-6.83741670665652,-7.43551272484509,0.744904827455611,NA,0.00899738075113211,1.2,6854,0.00341455345469259,1.00329289367344
"ll.e[299]",-7.23741588690239,-5.83045541879548,-5.48996160409106,-6.04614764693286,0.590848623593681,NA,0.00750013504424676,1.3,6206,0.0308423342059079,1.00145136967901
"ll.e[300]",-8.87621578997709,-7.1826976739213,-6.80692065455749,-7.45063370107662,0.708980726429663,NA,0.00901269352725077,1.3,6188,-0.00356098895019983,1.00312267952054
"ll.e[301]",-6.78841623866774,-5.00283444229954,-4.66486397843964,-5.2865165280151,0.731061220297418,NA,0.00941653744219243,1.3,6027,0.0229755034146464,1.00046629442234
"ll.e[302]",-4.59935132855789,-2.90004017094518,-2.61796994076876,-3.17488196258775,0.708271932563785,NA,0.00781113924455723,1.1,8222,0.00315412139559044,1.00036054833732
"ll.e[303]",-9.16716375505665,-7.80760770629454,-7.44190879043283,-8.02609526854331,0.598606531549589,NA,0.00777301831205319,1.3,5931,0.0120846529385389,1.00126362620906
"ll.e[304]",-5.26086612712223,-3.66513039636647,-3.40968282866549,-3.92089347667401,0.662784562362082,NA,0.00759578121552286,1.1,7614,-0.0132091349286786,1.00000731176125
"ll.e[305]",-4.16967602879488,-2.57135232537112,-2.02480819319295,-2.78548445069364,0.664587026043501,NA,0.0145131275843822,2.2,2097,0.0536966035205552,1.00212605306277
"ll.e[306]",-10.127628857502,-8.46096163749455,-8.17632217427135,-8.72941891615583,0.692861377744947,NA,0.00866335839980924,1.3,6396,0.00364659105941345,0.99993118400485
"ll.e[307]",-5.3848509325973,-3.83022388702556,-3.48889374552005,-4.06798034673118,0.638833231474514,NA,0.00778413937512624,1.2,6735,0.0156436159599833,1.00169171510898
"ll.e[308]",-7.21332570497039,-5.57705421588356,-5.29097622818284,-5.82745204851683,0.665493772761675,NA,0.00833240474978178,1.3,6379,0.00180221218245753,1.004467832281
"ll.e[309]",-5.50764945520864,-3.27861814144897,-2.7909615727024,-3.61247372268382,0.94568382810283,NA,0.0123824995210433,1.3,5833,0.0179901700195941,1.00006552021225
"ll.e[310]",-9.61248993811756,-8.18196829186244,-7.84977783445824,-8.41209015485411,0.594232287522098,NA,0.0068264173449401,1.1,7578,0.0170898377147194,1.0001192963884
"ll.e[311]",-7.20315237741669,-5.62094530567187,-5.32802891629415,-5.86990331853141,0.663761607324231,NA,0.00838402085787024,1.3,6268,0.00485161617440725,0.999995753218698
"ll.e[312]",-5.43300254891836,-3.91665884563151,-3.6059859641825,-4.15015843634292,0.642518682517857,NA,0.00781826836280385,1.2,6754,0.0153306478479322,1.00015746487301
"ll.e[313]",-0.336842105588493,1.23534173969555,1.56180802597549,0.989963181023101,0.654811705273209,NA,0.00749161324926764,1.1,7640,0.0180245252794176,1.00017824850037
"ll.e[314]",-5.51569280676579,-3.81926532912528,-3.42106822133631,-4.08653884394117,0.710571709936732,NA,0.00799182875460684,1.1,7905,-0.0114418708985105,1.00047486508613
"ll.e[315]",-9.18811744048953,-7.80122202017051,-7.60050595695914,-8.02689080909323,0.573792027656047,NA,0.00674041057205866,1.2,7247,0.00182710089749998,1.00391040814593
"ll.e[316]",-4.00255309540842,-1.46502325802211,-0.0375128012908203,-1.72243275009094,1.18222315691966,NA,0.015432609727133,1.3,5868,0.0106610520048231,0.999901155996493
"ll.e[317]",0.206949906932927,2.02863645982339,2.34004097360291,1.73448425256596,0.765506769473464,NA,0.00844051977337893,1.1,8225,-0.00130153473906512,1.00004362488056
"ll.e[318]",-9.38694342737578,-7.7639666020954,-7.52150520185479,-8.02900568121154,0.683463674775545,NA,0.00854608485797361,1.3,6396,0.00508366423527424,1.00137524932989
"ll.e[319]",-7.25447971095845,-5.7616588905731,-5.40755571855915,-5.99567321873328,0.644020067432254,NA,0.00767199991959135,1.2,7047,-0.00864783416022735,1.00106566023011
"ll.e[320]",-3.90360130105879,-2.478776070955,-2.23604867467474,-2.70130734110984,0.591366343349932,NA,0.0078040119942561,1.3,5742,-0.00585005062596279,0.999951539684357
"ll.e[321]",-7.01297160922709,-5.46290655289351,-5.14426059339859,-5.70484107761054,0.651509869947763,NA,0.00780715797860383,1.2,6964,-0.017444640432859,1.00200189254386
"ll.e[322]",-8.69195939879537,-7.27250008436634,-7.02446327530347,-7.49885383391631,0.598386464144735,NA,0.0073126255848012,1.2,6696,0.00150913245357683,1.0076262919965
"ll.e[323]",-9.20343092691401,-7.71095907518466,-7.39357542020186,-7.95270141071611,0.637277649087872,NA,0.007698557163756,1.2,6852,0.00564220412007602,1.00037639929768
"ll.e[324]",-7.57271075129619,-5.93380795361642,-5.70148603971951,-6.20137103831169,0.670024589676219,NA,0.00803383039114022,1.2,6956,-0.00641194504807596,1.00068541320207
"ll.e[325]",-7.59809738255102,-6.11290491344911,-5.86102721725137,-6.34471557472749,0.605309261501751,NA,0.0069508405034224,1.1,7584,-0.00228871336259007,1.00075706842828
"ll.e[326]",-5.63849528435761,-3.39450706846236,-2.88668693299111,-3.71718731467915,0.936628408329388,NA,0.0120998070889044,1.3,5992,-0.00780978091611026,1.00004652608166
"ll.e[327]",4.22225823743608,5.88756731588977,6.25744652666612,5.63459557735275,0.698350111512633,NA,0.00788936915352014,1.1,7835,0.0141838230737658,1.0016282055201
"ll.e[328]",-4.20795481242998,-3.27769035946404,-3.09846865712139,-3.42094233694748,0.371913056362479,NA,0.00438943749720649,1.2,7179,2.57806591350003e-05,1.00053641623364
"ll.e[329]",-7.95361560910694,-6.50460860293462,-6.23241008347599,-6.73196631809039,0.593275044997957,NA,0.00671410397613171,1.1,7808,-0.00185560810827705,1.00104074909632
"ll.e[330]",-7.00461068806215,-5.48390959244021,-5.27159779821926,-5.72619693352186,0.640122307772266,NA,0.00750707730307046,1.2,7271,0.00562642348389815,1.00109867983328
"ll.e[331]",2.93207645470218,4.83922714944351,5.25884064603437,4.54173631131024,0.825603987677722,NA,0.00905570089457572,1.1,8312,0.0169344134169321,1.00307644566141
"ll.e[332]",-5.42604063921093,-3.95151777748771,-3.47968731845246,-4.16581427763918,0.633422058660907,NA,0.0112370888981865,1.8,3177,0.0355028925627198,1.0018287669684
"ll.e[333]",13.2330774155364,15.2375206579862,15.718890675478,14.9245385418364,0.830729654253228,NA,0.00895056102282643,1.1,8614,0.0035250668234771,1.00033450860145
"ll.e[334]",-4.01956733213898,-1.4993517083541,-0.037675307679176,-1.75138330156809,1.18300529174547,NA,0.0154617557465574,1.3,5854,0.0183262517697727,1.00008084302498
"ll.e[335]",-7.87218289425691,-5.92804500999689,-5.58678667039211,-6.2393659401131,0.798363329964256,NA,0.0104358141380092,1.3,5853,-0.00689220103497361,0.999951652273034
"ll.e[336]",16.523177370468,18.1729209136826,18.3924378726856,17.9070403004659,0.684268939195405,NA,0.00774933915474404,1.1,7797,-0.00549076836775741,1.00022724381105
"ll.e[337]",-8.86549236297165,-7.35217365011506,-7.07130228843056,-7.59465124572236,0.639519927934435,NA,0.00794152518626269,1.2,6485,-0.00287105498310165,1.00194507451702
"ll.e[338]",-6.87597749339782,-5.41150462375998,-5.04789259950552,-5.63445535149231,0.603247200510435,NA,0.00672821712348965,1.1,8039,0.00938981222801166,1.00076960704939
"ll.e[339]",-6.27077752188988,-4.28375029814505,-3.95800129875014,-4.59467101817562,0.790385953933878,NA,0.0100362245710388,1.3,6202,-0.0023841896573594,0.999953662477682
"ll.e[340]",-8.36975437804504,-6.97882250097371,-6.71799821906433,-7.19971465043723,0.585721756557876,NA,0.00688897001163058,1.2,7229,0.00311778511035345,1.0011448035979
"ll.e[341]",-8.72839748354456,-7.26739912443428,-7.04250175008495,-7.497465535937,0.614759377362943,NA,0.00762009139493226,1.2,6509,0.00283892445528447,1.00156585322223
"ll.e[342]",-9.30573387598776,-7.87996920419396,-7.52775453019412,-8.11176294274624,0.613760491262096,NA,0.00734196487159339,1.2,6988,-0.00148988134210041,1.00069327581289
"ll.e[343]",-7.71032555673851,-6.20167661170415,-5.93388751949515,-6.4463021389288,0.624188637735629,NA,0.00698865218800422,1.1,7977,0.0103746383158595,1.00091944699343
"ll.e[344]",8.3569320616389,9.95525487230733,10.1725163306947,9.69739474670585,0.676189784723578,NA,0.00772509106906707,1.1,7662,-0.0145149629219913,1.00091731378723
"ll.e[345]",-4.54882153080062,-3.07333930751838,-2.87728543110308,-3.31286781744947,0.623389722530586,NA,0.00752241718998435,1.2,6868,0.00211192827108104,1.00235670187835
"ll.e[346]",-1.03471228543954,0.69639498561549,0.973605384724212,0.427706327651236,0.700365344245157,NA,0.00734478087802038,1,9093,0.018749781557355,1.00129798150216
"ll.e[347]",-5.0894393895417,-3.47984211680493,-3.13659843356833,-3.72997250690841,0.669070720092201,NA,0.00758095271356363,1.1,7789,0.00424273409851687,1.00098467787207
"ll.e[348]",-7.79946266017799,-6.17782966505914,-5.9488692679655,-6.4349490438194,0.651940871199372,NA,0.00805183657060756,1.2,6556,-0.00791859439527519,1.00002115741516
"ll.e[349]",-4.26577582511241,-3.10169593309932,-2.91303360715908,-3.28637168085925,0.483897416357419,NA,0.00506797414738346,1,9117,-0.017331275486432,1.0002830446625
"ll.e[350]",13.5069460908852,15.3658270973057,15.7679925687508,15.0855044157676,0.750195222287035,NA,0.00893876979440921,1.2,7044,0.0228518063045317,1.00209305753781
"ll.e[351]",-5.15967779188938,-3.90283447294691,-3.72772313502518,-4.10494402238672,0.523147120396661,NA,0.00643041771325511,1.2,6619,0.0114009242884697,1.00309833119538
"ll.e[352]",-9.27641922153443,-7.82067720273956,-7.48090352930158,-8.05358353136764,0.617926516994339,NA,0.00734508705361547,1.2,7077,0.0083260352458445,1.00038191692976
"ll.e[353]",-6.97801978365107,-4.95382155977205,-4.61223028854381,-5.2676648241275,0.821402334622582,NA,0.0102901171481638,1.3,6372,-0.00833135586979663,0.99998745203016
"ll.e[354]",-5.11840699386797,-3.63379825711079,-3.37829372992194,-3.87413129042454,0.63063960681683,NA,0.00733190790558251,1.2,7398,0.000961310293502467,1.00006175147546
"ll.e[355]",-6.16018477912839,-3.80938997187606,-3.23499348531083,-4.14060215066455,0.981976245173972,NA,0.0125413214796013,1.3,6131,0.00529193027271989,0.999977377556545
"ll.e[356]",-3.91291242185617,-2.36847436048705,-2.03929666812165,-2.60523240214091,0.622519676837841,NA,0.00719912603331708,1.2,7477,-0.00280629841707655,1.00046174612049
"ll.e[357]",-8.28579134688517,-6.73841108857519,-6.45705031541841,-6.98490186338558,0.644823627315571,NA,0.00791471220399867,1.2,6638,0.000662561068707497,0.999978524088686
"ll.e[358]",-7.65567539148162,-6.21690216121282,-5.92171652342482,-6.43846094470389,0.606087285325887,NA,0.00804948594244898,1.3,5669,0.0214279308338853,1.00244441872793
"ll.e[359]",-4.66756938889515,-3.54688652289064,-3.34236579021172,-3.72803919097972,0.472337492156318,NA,0.0051891133419622,1.1,8285,-0.0089280032157555,1.00033375636213
"ll.e[360]",-3.95575456751116,-2.39620145835783,-2.109347878882,-2.64335536110253,0.663845090962709,NA,0.00761527202917291,1.1,7599,0.0282559578270357,1.00038583575329
"ll.e[361]",-12.1555641247829,-10.6588832227523,-9.88411527298568,-10.8324059452963,0.648680657251922,NA,0.0183845911680997,2.8,1245,0.088831211859651,1.00325416510375
"ll.e[362]",-6.64531735989736,-5.27738329254378,-5.03933947196828,-5.49126342407107,0.569235307036988,NA,0.00681681685159056,1.2,6973,0.0271304075443718,0.999952980910965
"ll.e[363]",-0.748412477140492,0.677603556723566,0.872265826390823,0.444149295835848,0.600290430623197,NA,0.00656978240222277,1.1,8349,-0.00644918778775171,1.00114677177618
"ll.e[364]",-2.84967552232298,-1.76672405112879,-1.58984708276632,-1.94097697276379,0.462103332193944,NA,0.00490388538638123,1.1,8880,-0.00210942014099967,1.00022826153379
"ll.e[365]",-3.68707727109489,-2.10039574203274,-1.55573579457375,-2.32286834735067,0.684786442471883,NA,0.0121731519475817,1.8,3164,0.04269598081289,1.00233182931244
"ll.e[366]",-7.39071757795682,-5.96550796649464,-5.68703617504153,-6.18861341247941,0.58268586273855,NA,0.00681458165935609,1.2,7311,0.0115165076636572,1.00371863004628
"ll.e[367]",-3.41863212120294,-1.84077629874397,-1.38717604537337,-2.07186433032908,0.654272119483108,NA,0.00915316134841508,1.4,5109,0.032765837634804,1.00285752018984
"ll.e[368]",-7.84774274683675,-6.45800212432389,-6.09044719495534,-6.67204965362995,0.598736048960253,NA,0.00811971651857046,1.4,5437,0.0150415062019297,1.00048051197018
"ll.e[369]",-4.13122911483822,-1.48804524431465,-0.0428998053232454,-1.76098480049463,1.20108916624251,NA,0.0159012398055548,1.3,5705,-0.0133373244984248,1.00002669361843
"ll.e[370]",-9.52174409096507,-8.02500328787791,-7.58134932580906,-8.24569816293974,0.610673281611119,NA,0.00747828874020808,1.2,6668,0.00594123421425721,1.00278126360652
"ll.e[371]",-5.37278913438201,-3.18807012897777,-2.67653458437464,-3.50313820015891,0.918850365373145,NA,0.0117211214397588,1.3,6145,-0.0232417140508922,1.00035768757887
"ll.e[372]",-6.57003723770378,-5.09031253995218,-4.76826250539894,-5.31617488906507,0.612790163306374,NA,0.00702600676065994,1.1,7607,0.00862494222892829,1.00053561254783
"ll.e[373]",-9.29614379510179,-7.89020210083867,-7.67547217207938,-8.11624320750263,0.580673360797278,NA,0.0069339124137033,1.2,7013,-0.00857989006886313,1.00079587460722
"ll.e[374]",-2.19800395552602,-1.52557489090267,-1.40616273203694,-1.63029829051724,0.280212792281844,NA,0.0035501960135692,1.3,6230,0.0134386227763022,1.00054746289971
"ll.e[375]",-8.58886711010117,-6.99562732328629,-6.76905033322797,-7.25044841459108,0.658002533408745,NA,0.00799568232186036,1.2,6772,-0.00691534855447004,1.00310945024937
"ll.e[376]",-8.31410249774595,-6.78600712438955,-6.57795310804345,-7.03469821666917,0.640886374894135,NA,0.00802400732659222,1.3,6379,0.01126204348176,1.00030283612873
"ll.e[377]",-0.953393791115169,0.87766602478945,1.31685797560481,0.603130153854913,0.741790063992154,NA,0.00805888060668788,1.1,8473,0.0178267432218363,1.00115900671419
"ll.e[378]",-4.33181456830226,-3.3357153390483,-3.12627358694389,-3.49499318170073,0.416444536168364,NA,0.00525065316316603,1.3,6291,-0.0184978725492049,1.00102545331553
"ll.e[379]",-6.17983207365601,-4.61743390849687,-4.17077843021191,-4.85095648407392,0.652613328802581,NA,0.00851962921445698,1.3,5868,0.0334535982685453,1.00531416665808
"ll.e[380]",-6.86167661373908,-4.99961886148566,-4.6851816932235,-5.29357366950307,0.776913132379115,NA,0.00999401197553104,1.3,6043,0.00407456226604615,1.00021585441175
"ll.e[381]",1.27601506295622,3.02804845848529,3.39442626724789,2.75321664149369,0.738223387208208,NA,0.00829206501963038,1.1,7926,-0.00823212233810633,1.00017485385307
"ll.e[382]",-10.5891960274362,-9.11575026955467,-8.83267110710126,-9.3550012174247,0.618800245255993,NA,0.00732364356778529,1.2,7139,0.00680918661522099,1.00052566823066
"ll.e[383]",-8.74212452180001,-7.08645737864695,-6.65930481785937,-7.34767020594946,0.697005400344614,NA,0.00899095470370421,1.3,6010,-0.0172332935322356,0.999966536856298
"ll.e[384]",-7.26954043976576,-5.67888214259069,-5.32221187821697,-5.92401621361627,0.650357774762131,NA,0.00771454914112738,1.2,7107,0.0103086854672806,1.00059509379694
"ll.e[385]",19.4900809723886,21.8425068831438,22.6006075038093,21.4874740972685,1.01091956688942,NA,0.0113173124022086,1.1,7979,0.00931701012073877,1.00047519302175
"ll.e[386]",-6.9557743659872,-5.32479977515618,-4.73365119153479,-5.56040966938383,0.673915763857262,NA,0.00830652792439619,1.2,6582,0.0292964314876057,1.00201033840233
"ll.e[387]",-5.77772555513073,-3.4347500321265,-2.88035298072065,-3.76231920406814,0.981986114872315,NA,0.0125228275454488,1.3,6149,0.00215157951863337,1.00047128501342
"ll.e[388]",-5.1802122466339,-3.89761971273324,-3.68610599899704,-4.10270124471113,0.537553513583412,NA,0.00635784194874457,1.2,7149,0.00493583703246094,1.00069932291868
"ll.e[389]",-10.6910950581082,-9.15359380345831,-8.87618454414302,-9.39319496039379,0.630849792694514,NA,0.00761313073805015,1.2,6866,-0.0102179801758841,1.0003144139527
"ll.e[390]",9.59835192767154,11.4949281187977,11.9067722248452,11.2042863524471,0.779693390223346,NA,0.00875931929710004,1.1,7923,0.00365958785456413,1.0003067945992
"ll.e[391]",-3.28752379326747,-1.77123400377192,-1.46839344321659,-2.01499860722489,0.642263254332999,NA,0.00732139888018496,1.1,7696,0.00354702759477711,1.00211246421921
"ll.e[392]",-7.15780545078221,-5.70594398967247,-5.36096717307706,-5.92222328594625,0.596419710911721,NA,0.00791152663842291,1.3,5683,-0.00601692242490353,1.00323393168082
"ll.e[393]",-1.17800504586482,0.388840415102589,0.592921306533943,0.133488471368541,0.669396719642049,NA,0.00698166845796164,1,9193,-0.0111764797289589,1.00013163444566
"ll.e[394]",-7.3860212227667,-5.82132704561657,-5.47278580867142,-6.07400241824549,0.664496498053237,NA,0.00795539197666042,1.2,6977,0.0194684158886554,1.00424724858727
"ll.e[395]",-5.60922393628919,-3.28704870560746,-2.74536681051395,-3.62581841020226,0.983883938646434,NA,0.0129310015384397,1.3,5789,0.00743671745494087,1.00009258978882
"ll.e[396]",-2.60822817708939,-0.936485392812425,-0.544816830928272,-1.1883163964936,0.694033007316388,NA,0.00802101194987903,1.2,7487,0.019999951475627,1.00080614207661
"ll.e[397]",12.2966211475351,14.7096989122336,15.2647564804087,14.3457732534863,0.966606109592981,NA,0.010881405920116,1.1,7891,0.00806099113664066,1.0001238978042
"ll.e[398]",-5.56230263646203,-3.85718236603968,-3.40179823357916,-4.11542782613391,0.709076267263375,NA,0.00814106514051318,1.1,7586,-0.0116928801083334,1.00196103579261
"ll.e[399]",-11.4169884790463,-9.95025199870134,-9.3945780918658,-10.1429054572486,0.609351247412166,NA,0.0114086306289476,1.9,2853,0.035490598600563,1.00410807708389
"ll.e[400]",5.45421662133684,7.38505427784309,8.18976388434496,7.13677517813522,0.835111058974893,NA,0.0229838003807441,2.8,1320,0.0730461350624946,1.00495531639514
"dev.e",-3210.88549308154,-3154.99036874005,-3099.58141773638,-3154.71347992965,28.4927173057263,NA,0.347021195646978,1.2,6741,0.0190237719881134,1.00025313763848
