"id","xi","Tei","n.rec","start","stop","status"
1,1,20.75,4,0,8.35543574913297,1
1,1,20.75,4,8.35543574913297,14.9125610175286,1
1,1,20.75,4,14.9125610175286,16.2959584883626,1
1,1,20.75,4,16.2959584883626,17.8346033318713,1
1,1,20.75,4,17.8346033318713,20.75,0
2,1,19.75,15,0,1.50973824720832,1
2,1,19.75,15,1.50973824720832,1.92825342057221,1
2,1,19.75,15,1.92825342057221,7.37126049270329,1
2,1,19.75,15,7.37126049270329,7.8781978290608,1
2,1,19.75,15,7.8781978290608,11.2289491872122,1
2,1,19.75,15,11.2289491872122,11.5446154702968,1
2,1,19.75,15,11.5446154702968,12.2198767674219,1
2,1,19.75,15,12.2198767674219,12.4729262675694,1
2,1,19.75,15,12.4729262675694,12.9368261894235,1
2,1,19.75,15,12.9368261894235,13.8719764267528,1
2,1,19.75,15,13.8719764267528,15.1614047952411,1
2,1,19.75,15,15.1614047952411,16.5696248026445,1
2,1,19.75,15,16.5696248026445,16.7456383467738,1
2,1,19.75,15,16.7456383467738,16.9259616724168,1
2,1,19.75,15,16.9259616724168,17.6246544496694,1
2,1,19.75,15,17.6246544496694,19.75,0
3,1,14.75,4,0,4.47912385142356,1
3,1,14.75,4,4.47912385142356,5.05330023275,1
3,1,14.75,4,5.05330023275,10.6199055381075,1
3,1,14.75,4,10.6199055381075,12.546775196657,1
3,1,14.75,4,12.546775196657,14.75,0
4,1,19.75,2,0,3.33805964951304,1
4,1,19.75,2,3.33805964951304,9.20433270835179,1
4,1,19.75,2,9.20433270835179,19.75,0
5,1,18.75,0,0,18.75,0
6,1,17.75,0,0,17.75,0
7,1,15.75,3,0,5.41384140863268,1
7,1,15.75,3,5.41384140863268,7.06845084183557,1
7,1,15.75,3,7.06845084183557,8.12200788999644,1
7,1,15.75,3,8.12200788999644,15.75,0
8,1,19.75,2,0,13.9018593901529,1
8,1,19.75,2,13.9018593901529,14.7684451354762,1
8,1,19.75,2,14.7684451354762,19.75,0
9,1,18.75,2,0,9.0556776684688,1
9,1,18.75,2,9.0556776684688,15.2368714511515,1
9,1,18.75,2,15.2368714511515,18.75,0
10,1,19.75,6,0,9.2686244285181,1
10,1,19.75,6,9.2686244285181,10.2088311526895,1
10,1,19.75,6,10.2088311526895,10.5659819407023,1
10,1,19.75,6,10.5659819407023,13.6921564352628,1
10,1,19.75,6,13.6921564352628,15.2077197421387,1
10,1,19.75,6,15.2077197421387,17.7710085791089,1
10,1,19.75,6,17.7710085791089,19.75,0
11,1,19.75,7,0,2.25434072511567,1
11,1,19.75,7,2.25434072511567,14.3183147509103,1
11,1,19.75,7,14.3183147509103,17.1547054573712,1
11,1,19.75,7,17.1547054573712,18.0062577596576,1
11,1,19.75,7,18.0062577596576,18.3696886318017,1
11,1,19.75,7,18.3696886318017,19.4298018932851,1
11,1,19.75,7,19.4298018932851,19.6281450722431,1
11,1,19.75,7,19.6281450722431,19.75,0
12,1,18.75,3,0,9.14151113123557,1
12,1,18.75,3,9.14151113123557,11.7146669332913,1
12,1,18.75,3,11.7146669332913,12.7076739944915,1
12,1,18.75,3,12.7076739944915,18.75,0
13,1,19.75,0,0,19.75,0
14,1,15.75,3,0,5.01337989240511,1
14,1,15.75,3,5.01337989240511,11.5426292601831,1
14,1,15.75,3,11.5426292601831,15.5837505744135,1
14,1,15.75,3,15.5837505744135,15.75,0
15,1,13.75,0,0,13.75,0
16,1,18.75,2,0,14.8308558576588,1
16,1,18.75,2,14.8308558576588,17.667396680134,1
16,1,18.75,2,17.667396680134,18.75,0
17,1,19.75,1,0,4.75786908903193,1
17,1,19.75,1,4.75786908903193,19.75,0
18,1,18.75,14,0,8.28255052614336,1
18,1,18.75,14,8.28255052614336,8.31160064877336,1
18,1,18.75,14,8.31160064877336,9.32895049236035,1
18,1,18.75,14,9.32895049236035,10.7118927009188,1
18,1,18.75,14,10.7118927009188,10.8314364222051,1
18,1,18.75,14,10.8314364222051,10.9561159576952,1
18,1,18.75,14,10.9561159576952,13.948662660908,1
18,1,18.75,14,13.948662660908,14.6198062187386,1
18,1,18.75,14,14.6198062187386,15.0174364123378,1
18,1,18.75,14,15.0174364123378,15.7483745090516,1
18,1,18.75,14,15.7483745090516,15.9563530681556,1
18,1,18.75,14,15.9563530681556,16.2194317784595,1
18,1,18.75,14,16.2194317784595,16.9160794814932,1
18,1,18.75,14,16.9160794814932,18.5564129014929,1
18,1,18.75,14,18.5564129014929,18.75,0
19,1,19.75,0,0,19.75,0
20,1,19.75,2,0,8.9776789438618,1
20,1,19.75,2,8.9776789438618,9.44286255629089,1
20,1,19.75,2,9.44286255629089,19.75,0
21,1,18.75,1,0,17.4943074975481,1
21,1,18.75,1,17.4943074975481,18.75,0
22,1,19.75,4,0,3.72068175012868,1
22,1,19.75,4,3.72068175012868,10.5335907248498,1
22,1,19.75,4,10.5335907248498,12.7544528043715,1
22,1,19.75,4,12.7544528043715,18.8275472211334,1
22,1,19.75,4,18.8275472211334,19.75,0
23,1,14.75,0,0,14.75,0
24,1,19.75,3,0,15.1910344783004,1
24,1,19.75,3,15.1910344783004,16.8308001936401,1
24,1,19.75,3,16.8308001936401,16.9279998096465,1
24,1,19.75,3,16.9279998096465,19.75,0
25,1,19.75,3,0,9.6971996804808,1
25,1,19.75,3,9.6971996804808,10.2605760227748,1
25,1,19.75,3,10.2605760227748,12.0161372633012,1
25,1,19.75,3,12.0161372633012,19.75,0
26,1,13.75,0,0,13.75,0
27,1,18.75,2,0,3.91209441000323,1
27,1,18.75,2,3.91209441000323,16.3517680194875,1
27,1,18.75,2,16.3517680194875,18.75,0
28,1,19.75,0,0,19.75,0
29,1,14.75,3,0,13.2993119484706,1
29,1,14.75,3,13.2993119484706,13.5510795218653,1
29,1,14.75,3,13.5510795218653,13.5889799349012,1
29,1,14.75,3,13.5889799349012,14.75,0
30,1,17.75,3,0,14.4840847550515,1
30,1,17.75,3,14.4840847550515,15.9399136950058,1
30,1,17.75,3,15.9399136950058,17.6251583866637,1
30,1,17.75,3,17.6251583866637,17.75,0
31,1,19.75,1,0,9.16026559727181,1
31,1,19.75,1,9.16026559727181,19.75,0
32,1,18.75,0,0,18.75,0
33,1,18.75,0,0,18.75,0
34,1,19.75,14,0,2.49550859747301,1
34,1,19.75,14,2.49550859747301,5.68789645164427,1
34,1,19.75,14,5.68789645164427,7.95611141727051,1
34,1,19.75,14,7.95611141727051,10.332881538514,1
34,1,19.75,14,10.332881538514,10.4937855930268,1
34,1,19.75,14,10.4937855930268,11.9438669389804,1
34,1,19.75,14,11.9438669389804,12.4174237351872,1
34,1,19.75,14,12.4174237351872,14.3849442382957,1
34,1,19.75,14,14.3849442382957,16.8523010509088,1
34,1,19.75,14,16.8523010509088,17.1553825776371,1
34,1,19.75,14,17.1553825776371,17.4777841003225,1
34,1,19.75,14,17.4777841003225,17.5302412396653,1
34,1,19.75,14,17.5302412396653,18.2343729169076,1
34,1,19.75,14,18.2343729169076,18.2348292948894,1
34,1,19.75,14,18.2348292948894,19.75,0
35,1,19.75,2,0,16.7186386973575,1
35,1,19.75,2,16.7186386973575,16.8013991961172,1
35,1,19.75,2,16.8013991961172,19.75,0
36,1,17.75,3,0,9.27077388152942,1
36,1,17.75,3,9.27077388152942,11.7327691658752,1
36,1,17.75,3,11.7327691658752,15.1265723351942,1
36,1,17.75,3,15.1265723351942,17.75,0
37,1,19.75,7,0,3.75042812069386,1
37,1,19.75,7,3.75042812069386,11.8554001014517,1
37,1,19.75,7,11.8554001014517,12.0082349225447,1
37,1,19.75,7,12.0082349225447,14.4680436637959,1
37,1,19.75,7,14.4680436637959,15.301975772063,1
37,1,19.75,7,15.301975772063,17.7937803940512,1
37,1,19.75,7,17.7937803940512,18.5490095133005,1
37,1,19.75,7,18.5490095133005,19.75,0
38,1,19.75,8,0,10.4412936618633,1
38,1,19.75,8,10.4412936618633,11.3743121374532,1
38,1,19.75,8,11.3743121374532,12.9140611382296,1
38,1,19.75,8,12.9140611382296,15.2643349866967,1
38,1,19.75,8,15.2643349866967,17.0589752143354,1
38,1,19.75,8,17.0589752143354,17.1210501155188,1
38,1,19.75,8,17.1210501155188,17.602897528651,1
38,1,19.75,8,17.602897528651,18.0862715541491,1
38,1,19.75,8,18.0862715541491,19.75,0
39,1,19.75,1,0,10.5695645322635,1
39,1,19.75,1,10.5695645322635,19.75,0
40,1,13.75,0,0,13.75,0
41,1,19.75,11,0,5.83811357411719,1
41,1,19.75,11,5.83811357411719,6.92742478663253,1
41,1,19.75,11,6.92742478663253,8.47863778317188,1
41,1,19.75,11,8.47863778317188,13.0725914382363,1
41,1,19.75,11,13.0725914382363,13.3103321818475,1
41,1,19.75,11,13.3103321818475,13.3740993610139,1
41,1,19.75,11,13.3740993610139,13.5009450147559,1
41,1,19.75,11,13.5009450147559,15.6777210411021,1
41,1,19.75,11,15.6777210411021,15.7041687030771,1
41,1,19.75,11,15.7041687030771,17.3739189643073,1
41,1,19.75,11,17.3739189643073,17.8981558695085,1
41,1,19.75,11,17.8981558695085,19.75,0
42,1,18.75,2,0,11.3951339775482,1
42,1,18.75,2,11.3951339775482,13.7095962064776,1
42,1,18.75,2,13.7095962064776,18.75,0
43,1,14.75,15,0,2.07958073168377,1
43,1,14.75,15,2.07958073168377,2.1246796342857,1
43,1,14.75,15,2.1246796342857,5.53847981067961,1
43,1,14.75,15,5.53847981067961,5.73779367854522,1
43,1,14.75,15,5.73779367854522,5.92558761558774,1
43,1,14.75,15,5.92558761558774,7.64995149798799,1
43,1,14.75,15,7.64995149798799,8.63397665860178,1
43,1,14.75,15,8.63397665860178,9.65325811564029,1
43,1,14.75,15,9.65325811564029,10.6348757626886,1
43,1,14.75,15,10.6348757626886,11.8374233810872,1
43,1,14.75,15,11.8374233810872,12.0152627925082,1
43,1,14.75,15,12.0152627925082,13.1349434256861,1
43,1,14.75,15,13.1349434256861,13.8837788125504,1
43,1,14.75,15,13.8837788125504,14.0111105947628,1
43,1,14.75,15,14.0111105947628,14.5594164698442,1
43,1,14.75,15,14.5594164698442,14.75,0
44,1,14.75,1,0,12.0606814440913,1
44,1,14.75,1,12.0606814440913,14.75,0
45,1,19.75,3,0,3.14947919169029,1
45,1,19.75,3,3.14947919169029,18.7681429490165,1
45,1,19.75,3,18.7681429490165,19.6592928164791,1
45,1,19.75,3,19.6592928164791,19.75,0
46,1,18.75,7,0,1.24651613480884,1
46,1,18.75,7,1.24651613480884,6.70436132333777,1
46,1,18.75,7,6.70436132333777,12.3195161803206,1
46,1,18.75,7,12.3195161803206,13.0223113913131,1
46,1,18.75,7,13.0223113913131,16.6972628187946,1
46,1,18.75,7,16.6972628187946,16.8340350577868,1
46,1,18.75,7,16.8340350577868,18.0800997270377,1
46,1,18.75,7,18.0800997270377,18.75,0
47,1,20.75,3,0,1.10692989015125,1
47,1,20.75,3,1.10692989015125,6.83772360591045,1
47,1,20.75,3,6.83772360591045,14.970297051253,1
47,1,20.75,3,14.970297051253,20.75,0
48,1,20.75,5,0,7.13896881760266,1
48,1,20.75,5,7.13896881760266,9.03690889624838,1
48,1,20.75,5,9.03690889624838,10.8627580668132,1
48,1,20.75,5,10.8627580668132,17.2593901754346,1
48,1,20.75,5,17.2593901754346,20.3240238699053,1
48,1,20.75,5,20.3240238699053,20.75,0
49,1,14.75,2,0,5.46899266033654,1
49,1,14.75,2,5.46899266033654,10.8942252705884,1
49,1,14.75,2,10.8942252705884,14.75,0
50,1,15.75,2,0,11.4247201468452,1
50,1,15.75,2,11.4247201468452,11.7476934014114,1
50,1,15.75,2,11.7476934014114,15.75,0
51,1,20.75,7,0,7.12030896285842,1
51,1,20.75,7,7.12030896285842,10.8968168620511,1
51,1,20.75,7,10.8968168620511,11.5142897479993,1
51,1,20.75,7,11.5142897479993,11.9476406542501,1
51,1,20.75,7,11.9476406542501,18.109475164429,1
51,1,20.75,7,18.109475164429,19.0079482102053,1
51,1,20.75,7,19.0079482102053,19.4120648800316,1
51,1,20.75,7,19.4120648800316,20.75,0
52,1,20.75,4,0,1.7126974014899,1
52,1,20.75,4,1.7126974014899,19.6592942515493,1
52,1,20.75,4,19.6592942515493,20.0081044448145,1
52,1,20.75,4,20.0081044448145,20.0873182680027,1
52,1,20.75,4,20.0873182680027,20.75,0
53,1,15.75,0,0,15.75,0
54,1,20.75,2,0,7.56074567539728,1
54,1,20.75,2,7.56074567539728,15.4346705287571,1
54,1,20.75,2,15.4346705287571,20.75,0
55,1,20.75,2,0,11.2728854149082,1
55,1,20.75,2,11.2728854149082,14.117214838965,1
55,1,20.75,2,14.117214838965,20.75,0
56,1,20.75,4,0,10.6725997571769,1
56,1,20.75,4,10.6725997571769,11.5261342908361,1
56,1,20.75,4,11.5261342908361,15.5842039470675,1
56,1,20.75,4,15.5842039470675,17.0909326097331,1
56,1,20.75,4,17.0909326097331,20.75,0
57,1,19.75,1,0,14.1708910100626,1
57,1,19.75,1,14.1708910100626,19.75,0
58,1,20.75,6,0,8.5149938586822,1
58,1,20.75,6,8.5149938586822,8.87235238844657,1
58,1,20.75,6,8.87235238844657,14.6820050388991,1
58,1,20.75,6,14.6820050388991,15.6854303670462,1
58,1,20.75,6,15.6854303670462,16.8053232773177,1
58,1,20.75,6,16.8053232773177,18.5311462720826,1
58,1,20.75,6,18.5311462720826,20.75,0
59,1,20.75,2,0,15.5762194494789,1
59,1,20.75,2,15.5762194494789,16.0965773021411,1
59,1,20.75,2,16.0965773021411,20.75,0
60,1,19.75,6,0,11.1755597947053,1
60,1,19.75,6,11.1755597947053,11.5478711899707,1
60,1,19.75,6,11.5478711899707,13.4263524763033,1
60,1,19.75,6,13.4263524763033,18.3684435301043,1
60,1,19.75,6,18.3684435301043,18.6236173673785,1
60,1,19.75,6,18.6236173673785,19.3633697411113,1
60,1,19.75,6,19.3633697411113,19.75,0
61,1,19.75,4,0,9.17859415325063,1
61,1,19.75,4,9.17859415325063,11.4653958705559,1
61,1,19.75,4,11.4653958705559,15.1962917626131,1
61,1,19.75,4,15.1962917626131,18.6585619215743,1
61,1,19.75,4,18.6585619215743,19.75,0
62,1,13.75,0,0,13.75,0
63,1,19.75,4,0,2.58200348337477,1
63,1,19.75,4,2.58200348337477,6.35083102573596,1
63,1,19.75,4,6.35083102573596,8.6778418448754,1
63,1,19.75,4,8.6778418448754,14.0129247071008,1
63,1,19.75,4,14.0129247071008,19.75,0
64,1,18.75,10,0,1.65165458168117,1
64,1,18.75,10,1.65165458168117,8.33757083388766,1
64,1,18.75,10,8.33757083388766,10.6179822798702,1
64,1,18.75,10,10.6179822798702,11.3044644722313,1
64,1,18.75,10,11.3044644722313,14.0667519234894,1
64,1,18.75,10,14.0667519234894,15.653263242031,1
64,1,18.75,10,15.653263242031,15.8478790258007,1
64,1,18.75,10,15.8478790258007,17.9611964143374,1
64,1,18.75,10,17.9611964143374,18.2037537703718,1
64,1,18.75,10,18.2037537703718,18.2944237090688,1
64,1,18.75,10,18.2944237090688,18.75,0
65,1,18.75,5,0,8.64243703931484,1
65,1,18.75,5,8.64243703931484,10.2277476805793,1
65,1,18.75,5,10.2277476805793,11.5205574257097,1
65,1,18.75,5,11.5205574257097,12.726502675572,1
65,1,18.75,5,12.726502675572,18.7211248875964,1
65,1,18.75,5,18.7211248875964,18.75,0
66,1,17.75,4,0,2.59283129178588,1
66,1,17.75,4,2.59283129178588,10.3771812395665,1
66,1,17.75,4,10.3771812395665,12.6559640455862,1
66,1,17.75,4,12.6559640455862,17.7177313853561,1
66,1,17.75,4,17.7177313853561,17.75,0
67,1,18.75,14,0,3.66059248950242,1
67,1,18.75,14,3.66059248950242,3.93383786147146,1
67,1,18.75,14,3.93383786147146,4.86677740910738,1
67,1,18.75,14,4.86677740910738,4.8925624439184,1
67,1,18.75,14,4.8925624439184,8.41574856456434,1
67,1,18.75,14,8.41574856456434,10.2073583805045,1
67,1,18.75,14,10.2073583805045,10.3950569754475,1
67,1,18.75,14,10.3950569754475,14.6668013296467,1
67,1,18.75,14,14.6668013296467,16.2842252862423,1
67,1,18.75,14,16.2842252862423,16.7451825602665,1
67,1,18.75,14,16.7451825602665,16.8088057633631,1
67,1,18.75,14,16.8088057633631,17.829559233132,1
67,1,18.75,14,17.829559233132,18.3603138555204,1
67,1,18.75,14,18.3603138555204,18.6716256463784,1
67,1,18.75,14,18.6716256463784,18.75,0
68,1,18.75,0,0,18.75,0
69,1,18.75,3,0,11.266365256153,1
69,1,18.75,3,11.266365256153,13.3043498528388,1
69,1,18.75,3,13.3043498528388,18.0360150812802,1
69,1,18.75,3,18.0360150812802,18.75,0
70,1,18.75,4,0,4.67307790633214,1
70,1,18.75,4,4.67307790633214,12.7577944505927,1
70,1,18.75,4,12.7577944505927,15.6562918589786,1
70,1,18.75,4,15.6562918589786,17.2853906472773,1
70,1,18.75,4,17.2853906472773,18.75,0
71,1,18.75,1,0,6.76586293479356,1
71,1,18.75,1,6.76586293479356,18.75,0
72,1,13.75,1,0,9.69718078524597,1
72,1,13.75,1,9.69718078524597,13.75,0
73,1,18.75,6,0,5.80713823278527,1
73,1,18.75,6,5.80713823278527,8.01908369478271,1
73,1,18.75,6,8.01908369478271,9.57063405349761,1
73,1,18.75,6,9.57063405349761,15.7797178252801,1
73,1,18.75,6,15.7797178252801,15.8580670502614,1
73,1,18.75,6,15.8580670502614,16.8239414647107,1
73,1,18.75,6,16.8239414647107,18.75,0
74,1,19.75,6,0,8.48151056212777,1
74,1,19.75,6,8.48151056212777,15.9102107772038,1
74,1,19.75,6,15.9102107772038,16.1717813305425,1
74,1,19.75,6,16.1717813305425,16.2017306792496,1
74,1,19.75,6,16.2017306792496,16.6702610500982,1
74,1,19.75,6,16.6702610500982,18.46603717513,1
74,1,19.75,6,18.46603717513,19.75,0
75,1,17.75,7,0,4.05977360956725,1
75,1,17.75,7,4.05977360956725,6.7938169718777,1
75,1,17.75,7,6.7938169718777,10.635972369181,1
75,1,17.75,7,10.635972369181,10.8986688970897,1
75,1,17.75,7,10.8986688970897,12.1655318311125,1
75,1,17.75,7,12.1655318311125,14.2337227159026,1
75,1,17.75,7,14.2337227159026,17.1875854514593,1
75,1,17.75,7,17.1875854514593,17.75,0
76,1,18.75,0,0,18.75,0
77,1,17.75,1,0,17.160089554583,1
77,1,17.75,1,17.160089554583,17.75,0
78,1,17.75,4,0,9.11188712913035,1
78,1,17.75,4,9.11188712913035,9.59331882737856,1
78,1,17.75,4,9.59331882737856,9.92031561219645,1
78,1,17.75,4,9.92031561219645,17.2924066883938,1
78,1,17.75,4,17.2924066883938,17.75,0
79,1,15.75,1,0,15.4425321426187,1
79,1,15.75,1,15.4425321426187,15.75,0
80,1,17.75,1,0,4.21738992508953,1
80,1,17.75,1,4.21738992508953,17.75,0
81,1,18.75,1,0,9.38855338467794,1
81,1,18.75,1,9.38855338467794,18.75,0
82,1,18.75,4,0,15.0014665768561,1
82,1,18.75,4,15.0014665768561,16.1561320028718,1
82,1,18.75,4,16.1561320028718,17.0871743877517,1
82,1,18.75,4,17.0871743877517,17.3054073041625,1
82,1,18.75,4,17.3054073041625,18.75,0
83,1,18.75,7,0,4.85709580590402,1
83,1,18.75,7,4.85709580590402,11.732476893498,1
83,1,18.75,7,11.732476893498,12.0849188074213,1
83,1,18.75,7,12.0849188074213,14.3540780371421,1
83,1,18.75,7,14.3540780371421,15.9461361370208,1
83,1,18.75,7,15.9461361370208,16.1737877461863,1
83,1,18.75,7,16.1737877461863,16.8159955865817,1
83,1,18.75,7,16.8159955865817,18.75,0
84,1,18.75,2,0,2.25176707897669,1
84,1,18.75,2,2.25176707897669,9.00367674174461,1
84,1,18.75,2,9.00367674174461,18.75,0
85,1,18.75,2,0,1.89941331677953,1
85,1,18.75,2,1.89941331677953,15.0299641994094,1
85,1,18.75,2,15.0299641994094,18.75,0
86,1,13.75,3,0,7.45344412399082,1
86,1,13.75,3,7.45344412399082,9.96783126490561,1
86,1,13.75,3,9.96783126490561,12.2827427308909,1
86,1,13.75,3,12.2827427308909,13.75,0
87,1,17.75,15,0,1.2232709910167,1
87,1,17.75,15,1.2232709910167,5.20754243664166,1
87,1,17.75,15,5.20754243664166,5.50211305000794,1
87,1,17.75,15,5.50211305000794,8.93676649232038,1
87,1,17.75,15,8.93676649232038,9.76865719442385,1
87,1,17.75,15,9.76865719442385,11.4192047325135,1
87,1,17.75,15,11.4192047325135,11.4202244282172,1
87,1,17.75,15,11.4202244282172,12.4357219244535,1
87,1,17.75,15,12.4357219244535,12.9720382134379,1
87,1,17.75,15,12.9720382134379,14.6014441935026,1
87,1,17.75,15,14.6014441935026,14.6065803044851,1
87,1,17.75,15,14.6065803044851,16.5146044147721,1
87,1,17.75,15,16.5146044147721,16.7690460837849,1
87,1,17.75,15,16.7690460837849,16.8405024419641,1
87,1,17.75,15,16.8405024419641,17.6282682432991,1
87,1,17.75,15,17.6282682432991,17.75,0
88,1,14.75,2,0,9.42885358648254,1
88,1,14.75,2,9.42885358648254,11.1610308161842,1
88,1,14.75,2,11.1610308161842,14.75,0
89,1,19.75,6,0,10.6999383852375,1
89,1,19.75,6,10.6999383852375,11.924895028519,1
89,1,19.75,6,11.924895028519,15.0363194570617,1
89,1,19.75,6,15.0363194570617,15.4048937459239,1
89,1,19.75,6,15.4048937459239,15.7819420855243,1
89,1,19.75,6,15.7819420855243,17.6040644157412,1
89,1,19.75,6,17.6040644157412,19.75,0
90,1,12.75,5,0,8.09306544594341,1
90,1,12.75,5,8.09306544594341,8.31518074159687,1
90,1,12.75,5,8.31518074159687,9.12561566000919,1
90,1,12.75,5,9.12561566000919,9.84011346216582,1
90,1,12.75,5,9.84011346216582,10.7812115220329,1
90,1,12.75,5,10.7812115220329,12.75,0
91,1,17.75,5,0,8.36384442104806,1
91,1,17.75,5,8.36384442104806,8.82578353940264,1
91,1,17.75,5,8.82578353940264,12.5758891595592,1
91,1,17.75,5,12.5758891595592,14.1277855422045,1
91,1,17.75,5,14.1277855422045,17.5374318994557,1
91,1,17.75,5,17.5374318994557,17.75,0
92,1,18.75,1,0,16.691890526315,1
92,1,18.75,1,16.691890526315,18.75,0
93,1,17.75,0,0,17.75,0
94,1,17.75,0,0,17.75,0
95,1,13.75,10,0,0.767996116176889,1
95,1,13.75,10,0.767996116176889,1.74794799596316,1
95,1,13.75,10,1.74794799596316,5.31581626047065,1
95,1,13.75,10,5.31581626047065,6.04497253912388,1
95,1,13.75,10,6.04497253912388,7.31327664177926,1
95,1,13.75,10,7.31327664177926,7.40013198383079,1
95,1,13.75,10,7.40013198383079,13.0009661998563,1
95,1,13.75,10,13.0009661998563,13.1574084595956,1
95,1,13.75,10,13.1574084595956,13.579272520345,1
95,1,13.75,10,13.579272520345,13.7229264735498,1
95,1,13.75,10,13.7229264735498,13.75,0
96,1,19.75,8,0,7.10560041744696,1
96,1,19.75,8,7.10560041744696,7.39537428625515,1
96,1,19.75,8,7.39537428625515,10.8225018810048,1
96,1,19.75,8,10.8225018810048,11.9512698052889,1
96,1,19.75,8,11.9512698052889,12.8191479453533,1
96,1,19.75,8,12.8191479453533,17.5553204497798,1
96,1,19.75,8,17.5553204497798,18.3565471011027,1
96,1,19.75,8,18.3565471011027,19.7267213951577,1
96,1,19.75,8,19.7267213951577,19.75,0
97,1,19.75,3,0,1.8636843871966,1
97,1,19.75,3,1.8636843871966,12.3661267593687,1
97,1,19.75,3,12.3661267593687,17.9184830711717,1
97,1,19.75,3,17.9184830711717,19.75,0
98,1,13.75,0,0,13.75,0
99,1,19.75,13,0,0.714206759935005,1
99,1,19.75,13,0.714206759935005,6.96525897078545,1
99,1,19.75,13,6.96525897078545,8.12378159069987,1
99,1,19.75,13,8.12378159069987,9.13348836714349,1
99,1,19.75,13,9.13348836714349,11.4576792070536,1
99,1,19.75,13,11.4576792070536,12.2724553839629,1
99,1,19.75,13,12.2724553839629,13.2305225615881,1
99,1,19.75,13,13.2305225615881,14.849114919052,1
99,1,19.75,13,14.849114919052,15.5708744475329,1
99,1,19.75,13,15.5708744475329,15.7296526438079,1
99,1,19.75,13,15.7296526438079,15.8616773273729,1
99,1,19.75,13,15.8616773273729,17.5925977161257,1
99,1,19.75,13,17.5925977161257,18.9653921391183,1
99,1,19.75,13,18.9653921391183,19.75,0
100,1,18.75,0,0,18.75,0
101,1,18.75,4,0,14.6383829946695,1
101,1,18.75,4,14.6383829946695,15.9422856333556,1
101,1,18.75,4,15.9422856333556,16.3380066018817,1
101,1,18.75,4,16.3380066018817,17.1534066285646,1
101,1,18.75,4,17.1534066285646,18.75,0
102,1,17.75,1,0,12.6627774300651,1
102,1,17.75,1,12.6627774300651,17.75,0
103,1,17.75,4,0,3.97617762229418,1
103,1,17.75,4,3.97617762229418,6.59040303243038,1
103,1,17.75,4,6.59040303243038,10.989689773439,1
103,1,17.75,4,10.989689773439,17.1884001669148,1
103,1,17.75,4,17.1884001669148,17.75,0
104,1,20.75,3,0,9.2611048077329,1
104,1,20.75,3,9.2611048077329,11.5283738784643,1
104,1,20.75,3,11.5283738784643,20.6916518484306,1
104,1,20.75,3,20.6916518484306,20.75,0
105,1,17.75,1,0,6.05605270297468,1
105,1,17.75,1,6.05605270297468,17.75,0
106,1,17.75,5,0,8.31548452195862,1
106,1,17.75,5,8.31548452195862,9.78987342272325,1
106,1,17.75,5,9.78987342272325,10.8430569356049,1
106,1,17.75,5,10.8430569356049,13.2811291790806,1
106,1,17.75,5,13.2811291790806,17.5745337292581,1
106,1,17.75,5,17.5745337292581,17.75,0
107,1,18.75,6,0,6.87338347176347,1
107,1,18.75,6,6.87338347176347,7.6536258740258,1
107,1,18.75,6,7.6536258740258,12.4281723907786,1
107,1,18.75,6,12.4281723907786,12.8384784307687,1
107,1,18.75,6,12.8384784307687,17.8246880048646,1
107,1,18.75,6,17.8246880048646,18.3673134900029,1
107,1,18.75,6,18.3673134900029,18.75,0
108,1,17.75,4,0,6.45826380675597,1
108,1,17.75,4,6.45826380675597,9.68447374203608,1
108,1,17.75,4,9.68447374203608,13.3893055194108,1
108,1,17.75,4,13.3893055194108,14.5740589216858,1
108,1,17.75,4,14.5740589216858,17.75,0
109,1,18.75,2,0,9.88626852587245,1
109,1,18.75,2,9.88626852587245,13.6870333567889,1
109,1,18.75,2,13.6870333567889,18.75,0
110,1,18.75,3,0,11.1888478899861,1
110,1,18.75,3,11.1888478899861,13.7795368976194,1
110,1,18.75,3,13.7795368976194,17.8040436122796,1
110,1,18.75,3,17.8040436122796,18.75,0
111,1,18.75,0,0,18.75,0
112,1,18.75,0,0,18.75,0
113,1,18.75,2,0,11.4253332886503,1
113,1,18.75,2,11.4253332886503,12.5624623428487,1
113,1,18.75,2,12.5624623428487,18.75,0
114,1,18.75,6,0,9.58651191258485,1
114,1,18.75,6,9.58651191258485,11.1509647391696,1
114,1,18.75,6,11.1509647391696,16.7280568138543,1
114,1,18.75,6,16.7280568138543,17.3973912704837,1
114,1,18.75,6,17.3973912704837,18.6472729474514,1
114,1,18.75,6,18.6472729474514,18.6961182740703,1
114,1,18.75,6,18.6961182740703,18.75,0
115,1,13.75,3,0,7.00959547581339,1
115,1,13.75,3,7.00959547581339,12.5597551621816,1
115,1,13.75,3,12.5597551621816,13.1939036218233,1
115,1,13.75,3,13.1939036218233,13.75,0
116,1,18.75,6,0,8.74108921157307,1
116,1,18.75,6,8.74108921157307,9.72937305655831,1
116,1,18.75,6,9.72937305655831,13.2505457423081,1
116,1,18.75,6,13.2505457423081,13.9859438740137,1
116,1,18.75,6,13.9859438740137,14.6447246878463,1
116,1,18.75,6,14.6447246878463,17.4996822317096,1
116,1,18.75,6,17.4996822317096,18.75,0
117,1,12.75,4,0,9.10116157512843,1
117,1,12.75,4,9.10116157512843,9.26097619292587,1
117,1,12.75,4,9.26097619292587,11.1311454624958,1
117,1,12.75,4,11.1311454624958,12.0626303118182,1
117,1,12.75,4,12.0626303118182,12.75,0
118,1,17.75,1,0,12.1273778773923,1
118,1,17.75,1,12.1273778773923,17.75,0
119,1,13.75,1,0,7.18097016125551,1
119,1,13.75,1,7.18097016125551,13.75,0
120,1,17.75,2,0,12.0891441633472,1
120,1,17.75,2,12.0891441633472,15.2179904054462,1
120,1,17.75,2,15.2179904054462,17.75,0
121,1,19.75,40,0,0.766637639784149,1
121,1,19.75,40,0.766637639784149,3.88187213831757,1
121,1,19.75,40,3.88187213831757,4.72703916602872,1
121,1,19.75,40,4.72703916602872,7.73271125289193,1
121,1,19.75,40,7.73271125289193,7.84505827281196,1
121,1,19.75,40,7.84505827281196,8.06608546347081,1
121,1,19.75,40,8.06608546347081,8.15824319681734,1
121,1,19.75,40,8.15824319681734,8.6390074159009,1
121,1,19.75,40,8.6390074159009,9.62545336821675,1
121,1,19.75,40,9.62545336821675,10.0329390532605,1
121,1,19.75,40,10.0329390532605,10.515808992868,1
121,1,19.75,40,10.515808992868,10.5243737600019,1
121,1,19.75,40,10.5243737600019,10.8066548552983,1
121,1,19.75,40,10.8066548552983,11.1430365511475,1
121,1,19.75,40,11.1430365511475,12.3345515221729,1
121,1,19.75,40,12.3345515221729,12.9176331692256,1
121,1,19.75,40,12.9176331692256,13.5197697091216,1
121,1,19.75,40,13.5197697091216,13.8713743485062,1
121,1,19.75,40,13.8713743485062,14.5499745145189,1
121,1,19.75,40,14.5499745145189,14.7045822076427,1
121,1,19.75,40,14.7045822076427,14.7716758592143,1
121,1,19.75,40,14.7716758592143,15.1174253462156,1
121,1,19.75,40,15.1174253462156,15.1191511278719,1
121,1,19.75,40,15.1191511278719,15.2174073931061,1
121,1,19.75,40,15.2174073931061,15.3536894612755,1
121,1,19.75,40,15.3536894612755,16.3267884146315,1
121,1,19.75,40,16.3267884146315,16.8326262940851,1
121,1,19.75,40,16.8326262940851,17.0360086780925,1
121,1,19.75,40,17.0360086780925,17.1216279622665,1
121,1,19.75,40,17.1216279622665,17.3350311143803,1
121,1,19.75,40,17.3350311143803,17.652617449707,1
121,1,19.75,40,17.652617449707,18.0644440032118,1
121,1,19.75,40,18.0644440032118,18.1979353274103,1
121,1,19.75,40,18.1979353274103,18.3437816003356,1
121,1,19.75,40,18.3437816003356,18.9355535873078,1
121,1,19.75,40,18.9355535873078,19.0949430980898,1
121,1,19.75,40,19.0949430980898,19.307144361229,1
121,1,19.75,40,19.307144361229,19.4240046404417,1
121,1,19.75,40,19.4240046404417,19.6090356120822,1
121,1,19.75,40,19.6090356120822,19.6468813138447,1
121,1,19.75,40,19.6468813138447,19.75,0
122,1,20.75,1,0,15.9761697369917,1
122,1,20.75,1,15.9761697369917,20.75,0
123,1,20.75,0,0,20.75,0
124,1,19.75,3,0,10.0214812608041,1
124,1,19.75,3,10.0214812608041,10.4090243236106,1
124,1,19.75,3,10.4090243236106,17.6791242915106,1
124,1,19.75,3,17.6791242915106,19.75,0
125,1,20.75,4,0,15.170611519914,1
125,1,20.75,4,15.170611519914,17.4092730330467,1
125,1,20.75,4,17.4092730330467,18.1129230840236,1
125,1,20.75,4,18.1129230840236,20.6528162482551,1
125,1,20.75,4,20.6528162482551,20.75,0
126,1,14.75,2,0,3.7191731025559,1
126,1,14.75,2,3.7191731025559,6.69586493124435,1
126,1,14.75,2,6.69586493124435,14.75,0
127,1,19.75,1,0,11.9985534830675,1
127,1,19.75,1,11.9985534830675,19.75,0
128,1,17.75,7,0,4.78016817250559,1
128,1,17.75,7,4.78016817250559,8.17959071893092,1
128,1,17.75,7,8.17959071893092,8.20874760666933,1
128,1,17.75,7,8.20874760666933,8.48984286064629,1
128,1,17.75,7,8.48984286064629,14.3930265784974,1
128,1,17.75,7,14.3930265784974,17.5516609621336,1
128,1,17.75,7,17.5516609621336,17.6440018020566,1
128,1,17.75,7,17.6440018020566,17.75,0
129,1,14.75,0,0,14.75,0
130,1,19.75,0,0,19.75,0
131,1,20.75,2,0,0.648552024407382,1
131,1,20.75,2,0.648552024407382,19.2642850833557,1
131,1,20.75,2,19.2642850833557,20.75,0
132,1,18.75,0,0,18.75,0
133,1,19.75,6,0,3.93089469810892,1
133,1,19.75,6,3.93089469810892,4.84950474249405,1
133,1,19.75,6,4.84950474249405,8.19463951131334,1
133,1,19.75,6,8.19463951131334,12.4816141346458,1
133,1,19.75,6,12.4816141346458,14.7840919976883,1
133,1,19.75,6,14.7840919976883,17.9312391354221,1
133,1,19.75,6,17.9312391354221,19.75,0
134,1,15.75,0,0,15.75,0
135,1,19.75,1,0,11.2053332816315,1
135,1,19.75,1,11.2053332816315,19.75,0
136,1,19.75,7,0,7.58768403129103,1
136,1,19.75,7,7.58768403129103,8.32376188040355,1
136,1,19.75,7,8.32376188040355,9.41642147536941,1
136,1,19.75,7,9.41642147536941,11.0779277625636,1
136,1,19.75,7,11.0779277625636,11.5844249388663,1
136,1,19.75,7,11.5844249388663,13.5554999104962,1
136,1,19.75,7,13.5554999104962,18.6284541409475,1
136,1,19.75,7,18.6284541409475,19.75,0
137,1,19.75,0,0,19.75,0
138,1,14.75,4,0,3.9427699626673,1
138,1,14.75,4,3.9427699626673,9.98772316701352,1
138,1,14.75,4,9.98772316701352,12.3223945781863,1
138,1,14.75,4,12.3223945781863,12.5600755674732,1
138,1,14.75,4,12.5600755674732,14.75,0
139,1,18.75,0,0,18.75,0
140,1,18.75,0,0,18.75,0
141,1,18.75,4,0,4.81422079008559,1
141,1,18.75,4,4.81422079008559,4.89284107364219,1
141,1,18.75,4,4.89284107364219,12.1254256459833,1
141,1,18.75,4,12.1254256459833,15.3849877351318,1
141,1,18.75,4,15.3849877351318,18.75,0
142,1,19.75,5,0,6.36572475759132,1
142,1,19.75,5,6.36572475759132,10.1820799121999,1
142,1,19.75,5,10.1820799121999,13.2561189662961,1
142,1,19.75,5,13.2561189662961,13.5400901622557,1
142,1,19.75,5,13.5400901622557,18.7036533783953,1
142,1,19.75,5,18.7036533783953,19.75,0
143,1,18.75,1,0,17.3092476106366,1
143,1,18.75,1,17.3092476106366,18.75,0
144,1,18.75,5,0,2.21167921502351,1
144,1,18.75,5,2.21167921502351,8.08641326896568,1
144,1,18.75,5,8.08641326896568,12.1231087628285,1
144,1,18.75,5,12.1231087628285,12.2243864934061,1
144,1,18.75,5,12.2243864934061,14.9101008691619,1
144,1,18.75,5,14.9101008691619,18.75,0
145,1,13.75,1,0,10.0974942227744,1
145,1,13.75,1,10.0974942227744,13.75,0
146,1,19.75,7,0,5.83868666199007,1
146,1,19.75,7,5.83868666199007,6.31738752518979,1
146,1,19.75,7,6.31738752518979,8.80675548096037,1
146,1,19.75,7,8.80675548096037,10.3607522332605,1
146,1,19.75,7,10.3607522332605,15.2656872022219,1
146,1,19.75,7,15.2656872022219,15.4804869632242,1
146,1,19.75,7,15.4804869632242,18.187916190535,1
146,1,19.75,7,18.187916190535,19.75,0
147,1,18.75,8,0,6.74387437404988,1
147,1,18.75,8,6.74387437404988,7.14785984469812,1
147,1,18.75,8,7.14785984469812,8.15989738869702,1
147,1,18.75,8,8.15989738869702,9.52865747598683,1
147,1,18.75,8,9.52865747598683,10.2382727775924,1
147,1,18.75,8,10.2382727775924,13.664092909787,1
147,1,18.75,8,13.664092909787,16.8544255848005,1
147,1,18.75,8,16.8544255848005,18.6778464057139,1
147,1,18.75,8,18.6778464057139,18.75,0
148,1,19.75,1,0,17.3996166209495,1
148,1,19.75,1,17.3996166209495,19.75,0
149,1,18.75,4,0,6.24441806495449,1
149,1,18.75,4,6.24441806495449,7.76837067147854,1
149,1,18.75,4,7.76837067147854,12.6557389139783,1
149,1,18.75,4,12.6557389139783,17.5587208659052,1
149,1,18.75,4,17.5587208659052,18.75,0
150,1,18.75,1,0,15.9267338747085,1
150,1,18.75,1,15.9267338747085,18.75,0
151,1,14.75,4,0,2.49917693506889,1
151,1,14.75,4,2.49917693506889,6.81148322404452,1
151,1,14.75,4,6.81148322404452,10.4118732113642,1
151,1,14.75,4,10.4118732113642,12.5144379739659,1
151,1,14.75,4,12.5144379739659,14.75,0
152,1,8.75,0,0,8.75,0
153,1,7.75,2,0,6.66106738020451,1
153,1,7.75,2,6.66106738020451,7.71930376762568,1
153,1,7.75,2,7.71930376762568,7.75,0
154,1,11.75,0,0,11.75,0
155,1,7.75,0,0,7.75,0
156,1,7.75,1,0,0.945277056890296,1
156,1,7.75,1,0.945277056890296,7.75,0
157,1,7.75,1,0,5.80808861441938,1
157,1,7.75,1,5.80808861441938,7.75,0
158,1,7.75,1,0,4.72764952283196,1
158,1,7.75,1,4.72764952283196,7.75,0
159,1,10.75,0,0,10.75,0
160,1,7.75,0,0,7.75,0
161,1,8.75,0,0,8.75,0
162,1,7.75,0,0,7.75,0
163,1,8.75,0,0,8.75,0
164,1,7.75,0,0,7.75,0
165,1,7.75,0,0,7.75,0
166,1,8.75,1,0,2.98689914137099,1
166,1,8.75,1,2.98689914137099,8.75,0
167,1,9.75,0,0,9.75,0
168,1,8.75,1,0,1.5487150429661,1
168,1,8.75,1,1.5487150429661,8.75,0
169,1,7.75,0,0,7.75,0
170,1,18.75,6,0,3.4334129416433,1
170,1,18.75,6,3.4334129416433,5.47923499376767,1
170,1,18.75,6,5.47923499376767,13.5519946501009,1
170,1,18.75,6,13.5519946501009,16.5148197498654,1
170,1,18.75,6,16.5148197498654,17.7353956777885,1
170,1,18.75,6,17.7353956777885,18.6838941200897,1
170,1,18.75,6,18.6838941200897,18.75,0
171,1,7.75,0,0,7.75,0
172,1,8.75,2,0,3.71577177930738,1
172,1,8.75,2,3.71577177930738,6.30980871510387,1
172,1,8.75,2,6.30980871510387,8.75,0
173,1,7.75,1,0,6.38010441995405,1
173,1,7.75,1,6.38010441995405,7.75,0
174,1,7.75,1,0,7.63542696958538,1
174,1,7.75,1,7.63542696958538,7.75,0
175,1,8.75,0,0,8.75,0
176,1,7.75,2,0,2.73503442806818,1
176,1,7.75,2,2.73503442806818,3.39696487247256,1
176,1,7.75,2,3.39696487247256,7.75,0
177,1,7.75,0,0,7.75,0
178,1,7.75,4,0,2.63486935487339,1
178,1,7.75,4,2.63486935487339,6.506810734762,1
178,1,7.75,4,6.506810734762,7.05045386912141,1
178,1,7.75,4,7.05045386912141,7.13242647825664,1
178,1,7.75,4,7.13242647825664,7.75,0
179,1,7.75,0,0,7.75,0
180,1,8.75,0,0,8.75,0
181,1,7.75,1,0,6.21978203596249,1
181,1,7.75,1,6.21978203596249,7.75,0
182,1,12.75,4,0,9.59143827063975,1
182,1,12.75,4,9.59143827063975,10.8280029776882,1
182,1,12.75,4,10.8280029776882,11.1567186130392,1
182,1,12.75,4,11.1567186130392,11.6605396819262,1
182,1,12.75,4,11.6605396819262,12.75,0
183,1,7.75,1,0,7.67750025044426,1
183,1,7.75,1,7.67750025044426,7.75,0
184,1,7.75,1,0,6.80822920059342,1
184,1,7.75,1,6.80822920059342,7.75,0
185,1,9.75,1,0,8.8995979800363,1
185,1,9.75,1,8.8995979800363,9.75,0
186,1,7.75,1,0,6.11174008175068,1
186,1,7.75,1,6.11174008175068,7.75,0
187,1,3.75,0,0,3.75,0
188,1,12.75,9,0,2.36562330993559,1
188,1,12.75,9,2.36562330993559,5.98173540809575,1
188,1,12.75,9,5.98173540809575,6.46367696053478,1
188,1,12.75,9,6.46367696053478,7.15299107785857,1
188,1,12.75,9,7.15299107785857,8.11475323615429,1
188,1,12.75,9,8.11475323615429,9.32025745029371,1
188,1,12.75,9,9.32025745029371,10.9588203747422,1
188,1,12.75,9,10.9588203747422,11.6982903491684,1
188,1,12.75,9,11.6982903491684,12.0239338201567,1
188,1,12.75,9,12.0239338201567,12.75,0
189,1,7.75,3,0,1.41478447630055,1
189,1,7.75,3,1.41478447630055,3.73334422471689,1
189,1,7.75,3,3.73334422471689,4.28842919800294,1
189,1,7.75,3,4.28842919800294,7.75,0
190,1,10.75,1,0,9.11100511510362,1
190,1,10.75,1,9.11100511510362,10.75,0
191,1,7.75,1,0,7.46673595046154,1
191,1,7.75,1,7.46673595046154,7.75,0
192,1,11.75,1,0,9.04371656165106,1
192,1,11.75,1,9.04371656165106,11.75,0
193,1,7.75,0,0,7.75,0
194,1,2.75,0,0,2.75,0
195,1,11.75,5,0,4.43689420992713,1
195,1,11.75,5,4.43689420992713,8.03347117615038,1
195,1,11.75,5,8.03347117615038,8.38745795640044,1
195,1,11.75,5,8.38745795640044,9.67164201586404,1
195,1,11.75,5,9.67164201586404,11.0754410292244,1
195,1,11.75,5,11.0754410292244,11.75,0
196,1,9.75,3,0,8.20126587888552,1
196,1,9.75,3,8.20126587888552,8.20692942161285,1
196,1,9.75,3,8.20692942161285,9.67955791653316,1
196,1,9.75,3,9.67955791653316,9.75,0
197,1,7.75,5,0,3.43125095883985,1
197,1,7.75,5,3.43125095883985,4.44424435688042,1
197,1,7.75,5,4.44424435688042,5.54971939757114,1
197,1,7.75,5,5.54971939757114,5.91667290974147,1
197,1,7.75,5,5.91667290974147,5.9397802766468,1
197,1,7.75,5,5.9397802766468,7.75,0
198,1,10.75,3,0,0.464582824676902,1
198,1,10.75,3,0.464582824676902,5.63890623786222,1
198,1,10.75,3,5.63890623786222,6.21639403120271,1
198,1,10.75,3,6.21639403120271,10.75,0
199,1,8.75,1,0,4.19619089921511,1
199,1,8.75,1,4.19619089921511,8.75,0
200,1,7.75,0,0,7.75,0
201,0,17.75,2,0,10.1140468131854,1
201,0,17.75,2,10.1140468131854,17.4083766399627,1
201,0,17.75,2,17.4083766399627,17.75,0
202,0,8.75,0,0,8.75,0
203,0,10.75,0,0,10.75,0
204,0,8.75,0,0,8.75,0
205,0,8.75,0,0,8.75,0
206,0,14.75,0,0,14.75,0
207,0,8.75,0,0,8.75,0
208,0,8.75,1,0,5.84036982640214,1
208,0,8.75,1,5.84036982640214,8.75,0
209,0,8.75,1,0,8.09996229425054,1
209,0,8.75,1,8.09996229425054,8.75,0
210,0,7.75,0,0,7.75,0
211,0,8.75,2,0,7.04888039505455,1
211,0,8.75,2,7.04888039505455,8.34006264518565,1
211,0,8.75,2,8.34006264518565,8.75,0
212,0,8.75,0,0,8.75,0
213,0,3.75,0,0,3.75,0
214,0,13.75,0,0,13.75,0
215,0,6.75,0,0,6.75,0
216,0,5.75,0,0,5.75,0
217,0,3.75,0,0,3.75,0
218,0,7.75,3,0,1.43721893736603,1
218,0,7.75,3,1.43721893736603,6.63128795254557,1
218,0,7.75,3,6.63128795254557,6.83120460703408,1
218,0,7.75,3,6.83120460703408,7.75,0
219,0,3.75,0,0,3.75,0
220,0,13.75,4,0,2.60949108046802,1
220,0,13.75,4,2.60949108046802,8.87928154316707,1
220,0,13.75,4,8.87928154316707,8.9051504526744,1
220,0,13.75,4,8.9051504526744,12.6014326393352,1
220,0,13.75,4,12.6014326393352,13.75,0
221,0,7.75,1,0,4.76264148602464,1
221,0,7.75,1,4.76264148602464,7.75,0
222,0,7.75,0,0,7.75,0
223,0,5.75,0,0,5.75,0
224,0,8.75,1,0,5.12956040634317,1
224,0,8.75,1,5.12956040634317,8.75,0
225,0,7.75,1,0,5.18607479705467,1
225,0,7.75,1,5.18607479705467,7.75,0
226,0,11.75,1,0,10.8042374094578,1
226,0,11.75,1,10.8042374094578,11.75,0
227,0,7.75,0,0,7.75,0
228,0,3.75,0,0,3.75,0
229,0,7.75,1,0,6.25356002603202,1
229,0,7.75,1,6.25356002603202,7.75,0
230,0,9.75,1,0,8.129467549455,1
230,0,9.75,1,8.129467549455,9.75,0
231,0,7.75,1,0,5.52843139929614,1
231,0,7.75,1,5.52843139929614,7.75,0
232,0,7.75,0,0,7.75,0
233,0,14.75,0,0,14.75,0
234,0,7.75,0,0,7.75,0
235,0,10.75,1,0,9.93919342890792,1
235,0,10.75,1,9.93919342890792,10.75,0
236,0,7.75,1,0,4.35618074731449,1
236,0,7.75,1,4.35618074731449,7.75,0
237,0,7.75,3,0,3.71864734782155,1
237,0,7.75,3,3.71864734782155,6.36522867727878,1
237,0,7.75,3,6.36522867727878,6.9222460484838,1
237,0,7.75,3,6.9222460484838,7.75,0
238,0,8.75,0,0,8.75,0
239,0,7.75,0,0,7.75,0
240,0,7.75,0,0,7.75,0
241,0,9.75,1,0,9.11154616209861,1
241,0,9.75,1,9.11154616209861,9.75,0
242,0,10.75,0,0,10.75,0
243,0,3.75,0,0,3.75,0
244,0,7.75,1,0,6.35221498700109,1
244,0,7.75,1,6.35221498700109,7.75,0
245,0,7.75,1,0,7.68006337162039,1
245,0,7.75,1,7.68006337162039,7.75,0
246,0,2.75,0,0,2.75,0
247,0,11.75,1,0,7.27796782318856,1
247,0,11.75,1,7.27796782318856,11.75,0
248,0,3.75,0,0,3.75,0
249,0,3.75,0,0,3.75,0
250,0,7.75,0,0,7.75,0
251,0,7.75,0,0,7.75,0
252,0,12.75,0,0,12.75,0
253,0,3.75,0,0,3.75,0
254,0,9.75,2,0,2.67118242590367,1
254,0,9.75,2,2.67118242590367,8.35968261920211,1
254,0,9.75,2,8.35968261920211,9.75,0
255,0,9.75,1,0,5.17878093918586,1
255,0,9.75,1,5.17878093918586,9.75,0
256,0,8.75,1,0,7.76254530408274,1
256,0,8.75,1,7.76254530408274,8.75,0
257,0,10.75,0,0,10.75,0
258,0,8.75,1,0,6.76642927607303,1
258,0,8.75,1,6.76642927607303,8.75,0
259,0,8.75,4,0,3.08569753361737,1
259,0,8.75,4,3.08569753361737,4.19089333397382,1
259,0,8.75,4,4.19089333397382,4.59222588942816,1
259,0,8.75,4,4.59222588942816,8.08649010583477,1
259,0,8.75,4,8.08649010583477,8.75,0
260,0,3.75,0,0,3.75,0
261,0,11.75,2,0,4.08845412253132,1
261,0,11.75,2,4.08845412253132,11.4768584918257,1
261,0,11.75,2,11.4768584918257,11.75,0
262,0,8.75,0,0,8.75,0
263,0,16.75,3,0,13.0373714971488,1
263,0,16.75,3,13.0373714971488,15.9866239002834,1
263,0,16.75,3,15.9866239002834,16.3342387310448,1
263,0,16.75,3,16.3342387310448,16.75,0
264,0,8.75,2,0,6.64112946692691,1
264,0,8.75,2,6.64112946692691,7.27427043935327,1
264,0,8.75,2,7.27427043935327,8.75,0
265,0,9.75,2,0,7.95864497207722,1
265,0,9.75,2,7.95864497207722,9.23872005145936,1
265,0,9.75,2,9.23872005145936,9.75,0
266,0,8.75,0,0,8.75,0
267,0,9.75,1,0,7.32325988849727,1
267,0,9.75,1,7.32325988849727,9.75,0
268,0,4.75,0,0,4.75,0
269,0,10.75,0,0,10.75,0
270,0,9.75,0,0,9.75,0
271,0,9.75,1,0,5.13598177853467,1
271,0,9.75,1,5.13598177853467,9.75,0
272,0,8.75,1,0,7.80382174964851,1
272,0,8.75,1,7.80382174964851,8.75,0
273,0,9.75,0,0,9.75,0
274,0,9.75,0,0,9.75,0
275,0,9.75,0,0,9.75,0
276,0,4.75,0,0,4.75,0
277,0,10.75,5,0,1.29821849461046,1
277,0,10.75,5,1.29821849461046,1.34211697831049,1
277,0,10.75,5,1.34211697831049,6.12086460617682,1
277,0,10.75,5,6.12086460617682,7.35391800395513,1
277,0,10.75,5,7.35391800395513,9.25607776991644,1
277,0,10.75,5,9.25607776991644,10.75,0
278,0,11.75,2,0,5.53614734184236,1
278,0,11.75,2,5.53614734184236,9.61332012531372,1
278,0,11.75,2,9.61332012531372,11.75,0
279,0,12.75,5,0,4.95849178782426,1
279,0,12.75,5,4.95849178782426,6.80027433440703,1
279,0,12.75,5,6.80027433440703,6.9822465776224,1
279,0,12.75,5,6.9822465776224,10.0980317528826,1
279,0,12.75,5,10.0980317528826,10.8327229749142,1
279,0,12.75,5,10.8327229749142,12.75,0
280,0,13.75,4,0,8.18758597418024,1
280,0,13.75,4,8.18758597418024,12.2687227743542,1
280,0,13.75,4,12.2687227743542,12.4610971116111,1
280,0,13.75,4,12.4610971116111,13.1076703009844,1
280,0,13.75,4,13.1076703009844,13.75,0
281,0,9.75,2,0,8.38814475696505,1
281,0,9.75,2,8.38814475696505,8.78961796654437,1
281,0,9.75,2,8.78961796654437,9.75,0
282,0,8.75,1,0,8.30129196647389,1
282,0,8.75,1,8.30129196647389,8.75,0
283,0,14.75,0,0,14.75,0
284,0,9.75,2,0,3.16257416478773,1
284,0,9.75,2,3.16257416478773,7.26584044144352,1
284,0,9.75,2,7.26584044144352,9.75,0
285,0,14.75,0,0,14.75,0
286,0,8.75,1,0,5.65193953460281,1
286,0,8.75,1,5.65193953460281,8.75,0
287,0,8.75,2,0,5.28119626180436,1
287,0,8.75,2,5.28119626180436,6.92620014750553,1
287,0,8.75,2,6.92620014750553,8.75,0
288,0,8.75,5,0,4.60461071569591,1
288,0,8.75,5,4.60461071569591,5.68071039618111,1
288,0,8.75,5,5.68071039618111,6.8181642524014,1
288,0,8.75,5,6.8181642524014,8.47545741189716,1
288,0,8.75,5,8.47545741189716,8.6101531288355,1
288,0,8.75,5,8.6101531288355,8.75,0
289,0,8.75,0,0,8.75,0
290,0,3.75,0,0,3.75,0
291,0,8.75,2,0,2.44097788555039,1
291,0,8.75,2,2.44097788555039,7.38113089438934,1
291,0,8.75,2,7.38113089438934,8.75,0
292,0,8.75,2,0,4.59852169193901,1
292,0,8.75,2,4.59852169193901,7.23272349090555,1
292,0,8.75,2,7.23272349090555,8.75,0
293,0,8.75,1,0,3.19884899392878,1
293,0,8.75,1,3.19884899392878,8.75,0
294,0,16.75,1,0,14.6624622978072,1
294,0,16.75,1,14.6624622978072,16.75,0
295,0,9.75,0,0,9.75,0
296,0,9.75,3,0,4.41726880703779,1
296,0,9.75,3,4.41726880703779,5.5338864801526,1
296,0,9.75,3,5.5338864801526,7.07058398817937,1
296,0,9.75,3,7.07058398817937,9.75,0
297,0,9.75,0,0,9.75,0
298,0,16.75,0,0,16.75,0
299,0,8.75,3,0,8.28352385026506,1
299,0,8.75,3,8.28352385026506,8.48568540207014,1
299,0,8.75,3,8.48568540207014,8.71908630743565,1
299,0,8.75,3,8.71908630743565,8.75,0
300,0,10.75,0,0,10.75,0
301,0,8.75,0,0,8.75,0
302,0,8.75,2,0,7.02927654630781,1
302,0,8.75,2,7.02927654630781,7.74737700600371,1
302,0,8.75,2,7.74737700600371,8.75,0
303,0,8.75,0,0,8.75,0
304,0,10.75,1,0,4.66190285031593,1
304,0,10.75,1,4.66190285031593,10.75,0
305,0,9.75,2,0,2.97004360374302,1
305,0,9.75,2,2.97004360374302,7.95553536758482,1
305,0,9.75,2,7.95553536758482,9.75,0
306,0,16.75,0,0,16.75,0
307,0,8.75,0,0,8.75,0
308,0,8.75,1,0,2.10251862987144,1
308,0,8.75,1,2.10251862987144,8.75,0
309,0,8.75,1,0,1.88632221269894,1
309,0,8.75,1,1.88632221269894,8.75,0
310,0,8.75,5,0,0.538931829531655,1
310,0,8.75,5,0.538931829531655,4.42852638498651,1
310,0,8.75,5,4.42852638498651,6.87398445740598,1
310,0,8.75,5,6.87398445740598,6.8866418728131,1
310,0,8.75,5,6.8866418728131,7.6924458425782,1
310,0,8.75,5,7.6924458425782,8.75,0
311,0,17.75,2,0,12.1397699538243,1
311,0,17.75,2,12.1397699538243,12.584871126334,1
311,0,17.75,2,12.584871126334,17.75,0
312,0,11.75,0,0,11.75,0
313,0,12.75,1,0,9.0749442114097,1
313,0,12.75,1,9.0749442114097,12.75,0
314,0,8.75,2,0,6.28489177532515,1
314,0,8.75,2,6.28489177532515,6.87149447783109,1
314,0,8.75,2,6.87149447783109,8.75,0
315,0,8.75,0,0,8.75,0
316,0,8.75,0,0,8.75,0
317,0,8.75,1,0,5.83301042872724,1
317,0,8.75,1,5.83301042872724,8.75,0
318,0,14.75,1,0,3.11124318500403,1
318,0,14.75,1,3.11124318500403,14.75,0
319,0,15.75,7,0,5.82296646014056,1
319,0,15.75,7,5.82296646014056,6.13514133039139,1
319,0,15.75,7,6.13514133039139,6.19769825437822,1
319,0,15.75,7,6.19769825437822,9.3927746504141,1
319,0,15.75,7,9.3927746504141,13.3808735697885,1
319,0,15.75,7,13.3808735697885,13.8774593652798,1
319,0,15.75,7,13.8774593652798,14.7642229169028,1
319,0,15.75,7,14.7642229169028,15.75,0
320,0,4.75,0,0,4.75,0
321,0,16.75,4,0,5.15293075714736,1
321,0,16.75,4,5.15293075714736,5.8573432997948,1
321,0,16.75,4,5.8573432997948,6.95672054484854,1
321,0,16.75,4,6.95672054484854,11.1654233941188,1
321,0,16.75,4,11.1654233941188,16.75,0
322,0,8.75,0,0,8.75,0
323,0,12.75,4,0,2.52112964813547,1
323,0,12.75,4,2.52112964813547,4.47476098564992,1
323,0,12.75,4,4.47476098564992,9.55501319750191,1
323,0,12.75,4,9.55501319750191,9.77610988309907,1
323,0,12.75,4,9.77610988309907,12.75,0
324,0,8.75,3,0,2.06369408460927,1
324,0,8.75,3,2.06369408460927,3.61388409218596,1
324,0,8.75,3,3.61388409218596,7.9846706184188,1
324,0,8.75,3,7.9846706184188,8.75,0
325,0,8.75,0,0,8.75,0
326,0,8.75,1,0,3.08192445895985,1
326,0,8.75,1,3.08192445895985,8.75,0
327,0,14.75,2,0,4.64001793573042,1
327,0,14.75,2,4.64001793573042,5.3392868162953,1
327,0,14.75,2,5.3392868162953,14.75,0
328,0,3.75,0,0,3.75,0
329,0,9.75,1,0,9.66510580285175,1
329,0,9.75,1,9.66510580285175,9.75,0
330,0,14.75,2,0,4.47777067392918,1
330,0,14.75,2,4.47777067392918,11.8678409647216,1
330,0,14.75,2,11.8678409647216,14.75,0
331,0,8.75,0,0,8.75,0
332,0,10.75,0,0,10.75,0
333,0,9.75,2,0,2.87837594134212,1
333,0,9.75,2,2.87837594134212,9.39194098049149,1
333,0,9.75,2,9.39194098049149,9.75,0
334,0,8.75,0,0,8.75,0
335,0,10.75,0,0,10.75,0
336,0,17.75,0,0,17.75,0
337,0,13.75,8,0,3.78956425776072,1
337,0,13.75,8,3.78956425776072,6.13727814778461,1
337,0,13.75,8,6.13727814778461,7.70257515973691,1
337,0,13.75,8,7.70257515973691,9.99665227780654,1
337,0,13.75,8,9.99665227780654,11.0259194929853,1
337,0,13.75,8,11.0259194929853,11.2389419825522,1
337,0,13.75,8,11.2389419825522,11.3315687940238,1
337,0,13.75,8,11.3315687940238,13.749602519379,1
337,0,13.75,8,13.749602519379,13.75,0
338,0,5.75,0,0,5.75,0
339,0,10.75,2,0,7.3330697922296,1
339,0,10.75,2,7.3330697922296,8.06794717093906,1
339,0,10.75,2,8.06794717093906,10.75,0
340,0,9.75,1,0,4.59734647484225,1
340,0,9.75,1,4.59734647484225,9.75,0
341,0,8.75,0,0,8.75,0
342,0,10.75,0,0,10.75,0
343,0,8.75,3,0,5.40172879618625,1
343,0,8.75,3,5.40172879618625,6.44443627246417,1
343,0,8.75,3,6.44443627246417,8.06836230109277,1
343,0,8.75,3,8.06836230109277,8.75,0
344,0,17.75,14,0,2.73298364896185,1
344,0,17.75,14,2.73298364896185,3.46071047073811,1
344,0,17.75,14,3.46071047073811,4.38197558290979,1
344,0,17.75,14,4.38197558290979,7.21114829107143,1
344,0,17.75,14,7.21114829107143,7.83749760640102,1
344,0,17.75,14,7.83749760640102,11.780558833094,1
344,0,17.75,14,11.780558833094,11.9211292156594,1
344,0,17.75,14,11.9211292156594,13.1509972088183,1
344,0,17.75,14,13.1509972088183,14.6643122996277,1
344,0,17.75,14,14.6643122996277,15.1960445192835,1
344,0,17.75,14,15.1960445192835,15.9834937987984,1
344,0,17.75,14,15.9834937987984,16.4013842866142,1
344,0,17.75,14,16.4013842866142,17.5253324459123,1
344,0,17.75,14,17.5253324459123,17.6007902118395,1
344,0,17.75,14,17.6007902118395,17.75,0
345,0,17.75,3,0,3.23525833721059,1
345,0,17.75,3,3.23525833721059,13.9330735604422,1
345,0,17.75,3,13.9330735604422,14.6037641970699,1
345,0,17.75,3,14.6037641970699,17.75,0
346,0,9.75,1,0,3.90317424787914,1
346,0,9.75,1,3.90317424787914,9.75,0
347,0,9.75,5,0,4.8782611199314,1
347,0,9.75,5,4.8782611199314,5.4759480615324,1
347,0,9.75,5,5.4759480615324,7.76899779233081,1
347,0,9.75,5,7.76899779233081,8.53797355943091,1
347,0,9.75,5,8.53797355943091,9.72651092621936,1
347,0,9.75,5,9.72651092621936,9.75,0
348,0,12.75,1,0,11.5418914025129,1
348,0,12.75,1,11.5418914025129,12.75,0
349,0,4.75,0,0,4.75,0
350,0,11.75,1,0,8.23362258509862,1
350,0,11.75,1,8.23362258509862,11.75,0
351,0,6.75,2,0,2.24377868899816,1
351,0,6.75,2,2.24377868899816,5.85299840607358,1
351,0,6.75,2,5.85299840607358,6.75,0
352,0,11.75,1,0,7.07785670415942,1
352,0,11.75,1,7.07785670415942,11.75,0
353,0,10.75,1,0,7.30647786570393,1
353,0,10.75,1,7.30647786570393,10.75,0
354,0,16.75,0,0,16.75,0
355,0,9.75,2,0,4.83016665866924,1
355,0,9.75,2,4.83016665866924,8.55575036830804,1
355,0,9.75,2,8.55575036830804,9.75,0
356,0,16.75,2,0,9.63139003774659,1
356,0,16.75,2,9.63139003774659,14.7417342515563,1
356,0,16.75,2,14.7417342515563,16.75,0
357,0,8.75,0,0,8.75,0
358,0,8.75,1,0,0.569651892250146,1
358,0,8.75,1,0.569651892250146,8.75,0
359,0,4.75,0,0,4.75,0
360,0,10.75,0,0,10.75,0
361,0,8.75,1,0,0.406902711152371,1
361,0,8.75,1,0.406902711152371,8.75,0
362,0,8.75,0,0,8.75,0
363,0,11.75,0,0,11.75,0
364,0,4.75,3,0,1.47586815189502,1
364,0,4.75,3,1.47586815189502,4.49125002666435,1
364,0,4.75,3,4.49125002666435,4.69628118682702,1
364,0,4.75,3,4.69628118682702,4.75,0
365,0,9.75,1,0,1.47155037237263,1
365,0,9.75,1,1.47155037237263,9.75,0
366,0,9.75,1,0,5.02757204105123,1
366,0,9.75,1,5.02757204105123,9.75,0
367,0,9.75,0,0,9.75,0
368,0,8.75,4,0,2.61125563656169,1
368,0,8.75,4,2.61125563656169,3.76986461334487,1
368,0,8.75,4,3.76986461334487,4.47557793221023,1
368,0,8.75,4,4.47557793221023,4.76775011205545,1
368,0,8.75,4,4.76775011205545,8.75,0
369,0,8.75,0,0,8.75,0
370,0,8.75,0,0,8.75,0
371,0,8.75,3,0,5.24053764126864,1
371,0,8.75,3,5.24053764126864,7.19318835785742,1
371,0,8.75,3,7.19318835785742,8.67921243185268,1
371,0,8.75,3,8.67921243185268,8.75,0
372,0,8.75,0,0,8.75,0
373,0,8.75,0,0,8.75,0
374,0,2.75,0,0,2.75,0
375,0,16.75,5,0,3.8012785248821,1
375,0,16.75,5,3.8012785248821,5.95602986029165,1
375,0,16.75,5,5.95602986029165,7.05508575434294,1
375,0,16.75,5,7.05508575434294,7.09959583781607,1
375,0,16.75,5,7.09959583781607,12.7352233528655,1
375,0,16.75,5,12.7352233528655,16.75,0
376,0,13.75,20,0,2.05091838574023,1
376,0,13.75,20,2.05091838574023,3.8294440263881,1
376,0,13.75,20,3.8294440263881,3.83444433879131,1
376,0,13.75,20,3.83444433879131,4.64618403454918,1
376,0,13.75,20,4.64618403454918,8.01474206264442,1
376,0,13.75,20,8.01474206264442,8.10201986309881,1
376,0,13.75,20,8.10201986309881,8.39807979951106,1
376,0,13.75,20,8.39807979951106,8.65326407679458,1
376,0,13.75,20,8.65326407679458,8.896939431974,1
376,0,13.75,20,8.896939431974,9.78532672436553,1
376,0,13.75,20,9.78532672436553,10.3171354006095,1
376,0,13.75,20,10.3171354006095,10.4518689790794,1
376,0,13.75,20,10.4518689790794,10.9108939115354,1
376,0,13.75,20,10.9108939115354,11.7376891282165,1
376,0,13.75,20,11.7376891282165,12.0097803873036,1
376,0,13.75,20,12.0097803873036,12.3723139748682,1
376,0,13.75,20,12.3723139748682,13.170675557537,1
376,0,13.75,20,13.170675557537,13.1781614608099,1
376,0,13.75,20,13.1781614608099,13.3836217027546,1
376,0,13.75,20,13.3836217027546,13.4878727596664,1
376,0,13.75,20,13.4878727596664,13.75,0
377,0,8.75,0,0,8.75,0
378,0,4.75,0,0,4.75,0
379,0,11.75,0,0,11.75,0
380,0,8.75,2,0,6.7927355701708,1
380,0,8.75,2,6.7927355701708,7.77289850225048,1
380,0,8.75,2,7.77289850225048,8.75,0
381,0,9.75,1,0,9.14411744598705,1
381,0,9.75,1,9.14411744598705,9.75,0
382,0,11.75,2,0,0.695801904145278,1
382,0,11.75,2,0.695801904145278,9.68316489489762,1
382,0,11.75,2,9.68316489489762,11.75,0
383,0,8.75,0,0,8.75,0
384,0,8.75,0,0,8.75,0
385,0,8.75,0,0,8.75,0
386,0,8.75,3,0,3.49100266355155,1
386,0,8.75,3,3.49100266355155,5.05132289597399,1
386,0,8.75,3,5.05132289597399,6.02647871596002,1
386,0,8.75,3,6.02647871596002,8.75,0
387,0,9.75,3,0,5.16120537771407,1
387,0,9.75,3,5.16120537771407,7.1390733694303,1
387,0,9.75,3,7.1390733694303,9.21969770133743,1
387,0,9.75,3,9.21969770133743,9.75,0
388,0,8.75,2,0,3.456519158066,1
388,0,8.75,2,3.456519158066,7.5744552805419,1
388,0,8.75,2,7.5744552805419,8.75,0
389,0,12.75,1,0,11.7638440824958,1
389,0,12.75,1,11.7638440824958,12.75,0
390,0,10.75,0,0,10.75,0
391,0,13.75,11,0,1.5398478833735,1
391,0,13.75,11,1.5398478833735,3.20768024960942,1
391,0,13.75,11,3.20768024960942,7.85345238496014,1
391,0,13.75,11,7.85345238496014,8.21896676212456,1
391,0,13.75,11,8.21896676212456,8.76899050919048,1
391,0,13.75,11,8.76899050919048,9.75091161270233,1
391,0,13.75,11,9.75091161270233,10.0864674161979,1
391,0,13.75,11,10.0864674161979,10.346759789359,1
391,0,13.75,11,10.346759789359,11.4713399128553,1
391,0,13.75,11,11.4713399128553,11.960888898664,1
391,0,13.75,11,11.960888898664,13.7171548698449,1
391,0,13.75,11,13.7171548698449,13.75,0
392,0,8.75,8,0,1.64360650221562,1
392,0,8.75,8,1.64360650221562,3.85812956347946,1
392,0,8.75,8,3.85812956347946,4.03931566461591,1
392,0,8.75,8,4.03931566461591,6.36957234953466,1
392,0,8.75,8,6.36957234953466,7.27764760768887,1
392,0,8.75,8,7.27764760768887,7.72993228027543,1
392,0,8.75,8,7.72993228027543,8.07804331009214,1
392,0,8.75,8,8.07804331009214,8.60447184901298,1
392,0,8.75,8,8.60447184901298,8.75,0
393,0,12.75,1,0,12.1794888764051,1
393,0,12.75,1,12.1794888764051,12.75,0
394,0,18.75,4,0,5.91763108376472,1
394,0,18.75,4,5.91763108376472,12.8824016831965,1
394,0,18.75,4,12.8824016831965,15.937607594303,1
394,0,18.75,4,15.937607594303,17.4110806470901,1
394,0,18.75,4,17.4110806470901,18.75,0
395,0,8.75,0,0,8.75,0
396,0,8.75,0,0,8.75,0
397,0,8.75,0,0,8.75,0
398,0,8.75,2,0,4.29233007212062,1
398,0,8.75,2,4.29233007212062,6.43292860118989,1
398,0,8.75,2,6.43292860118989,8.75,0
399,0,8.75,0,0,8.75,0
400,0,8.75,1,0,3.8375040725228,1
400,0,8.75,1,3.8375040725228,8.75,0
